-8.02 6.93 1.32 0.0 0.0 0.0 2.72 1.49 1.48 0.84 0.76 0.68 1.0
-8.02 5.43 1.16 0.0 0.0 0.0 2.51 0.15 1.42 0.28 0.1 0.08 1.0
-8.02 6.93 4.3 0.0 0.0 0.0 2.72 1.49 1.48 0.84 0.76 0.68 1.0
-8.04 5.79 2.63 0.0 0.0 0.0 2.51 0.66 -0.05 0.28 0.1 0.08 1.0
-6.16 7.04 5.23 0.7 -0.0 0.0 0.85 1.38 0.54 0.84 0.76 0.68 1.0
-6.46 5.36 2.28 0.0 0.0 0.0 0.82 0.04 0.21 0.02 0.0 0.0 1.0
-9.49 5.42 4.68 -0.0 1.57 0.0 0.04 0.03 0.31 0.84 0.76 0.68 1.0
-8.78 5.42 4.68 -0.0 1.57 0.0 0.04 0.03 0.31 0.84 0.76 0.68 1.0
-8.08 5.42 4.68 -0.0 1.57 0.0 0.04 0.03 0.31 0.84 0.76 0.68 1.0
-6.16 6.79 5.11 2.34 -0.0 0.0 0.85 1.38 0.54 0.84 0.76 0.68 1.0
-8.91 5.42 0.73 0.0 0.0 0.0 1.51 0.66 -0.05 0.28 0.1 0.08 1.0
-4.64 7.39 4.3 1.57 -0.0 1.57 0.03 0.04 0.43 0.84 0.76 0.68 1.0
-6.3 -18.15 0.31 0.0 0.0 0.0 0.76 0.34 -0.0 0.15 0.15 0.07 1.0
-7.42 5.23 1.2 -1.57 1.57 0.0 1.44 0.09 -0.05 0.28 0.1 0.08 1.0
-6.8 5.27 1.0 0.0 0.0 0.0 0.41 0.05 1.01 0.02 0.0 0.0 1.0
-6.8 5.21 0.36 0.0 0.0 0.0 0.41 0.03 0.28 0.28 0.08 0.07 1.0
-6.8 5.21 1.92 0.0 0.0 0.0 0.41 0.03 0.06 0.28 0.08 0.07 1.0
-7.12 5.23 1.22 -0.0 1.57 0.0 0.74 0.03 0.03 0.28 0.08 0.07 1.0
-6.94 5.23 1.22 -0.0 1.57 0.0 0.74 0.03 0.03 0.28 0.08 0.07 1.0
-6.72 5.23 1.22 -0.0 1.57 0.0 0.74 0.03 0.03 0.28 0.08 0.07 1.0
-6.47 5.23 1.22 -0.0 1.57 0.0 0.74 0.03 0.03 0.28 0.08 0.07 1.0
-6.8 5.21 1.21 0.0 0.0 0.0 0.41 0.03 0.06 0.28 0.08 0.07 1.0
-6.8 5.17 0.36 0.0 0.0 0.0 0.28 0.02 0.19 0.16 0.03 0.02 1.0
-4.22 6.91 4.33 0.0 -0.0 1.57 0.35 0.04 0.44 0.02 0.0 0.0 1.0
-4.62 6.49 4.31 0.0 -0.0 3.14 0.35 0.04 0.44 0.02 0.0 0.0 1.0
-4.62 7.34 4.31 0.0 -0.0 3.14 0.35 0.04 0.44 0.02 0.0 0.0 1.0
-6.42 5.27 2.23 0.0 0.0 0.0 0.82 0.05 0.2 0.02 0.0 0.0 1.0
-5.95 5.28 1.0 0.0 0.0 0.0 0.41 0.05 1.01 0.02 0.0 0.0 1.0
-5.95 5.22 0.36 0.0 0.0 0.0 0.41 0.03 0.28 0.28 0.08 0.07 1.0
-5.95 5.22 1.92 0.0 0.0 0.0 0.41 0.03 0.06 0.28 0.08 0.07 1.0
-6.27 5.24 1.22 -0.0 1.57 0.0 0.74 0.03 0.03 0.28 0.08 0.07 1.0
-6.09 5.24 1.22 -0.0 1.57 0.0 0.74 0.03 0.03 0.28 0.08 0.07 1.0
-5.87 5.24 1.22 -0.0 1.57 0.0 0.74 0.03 0.03 0.28 0.08 0.07 1.0
-5.62 5.24 1.22 -0.0 1.57 0.0 0.74 0.03 0.03 0.28 0.08 0.07 1.0
-5.95 5.22 1.21 0.0 0.0 0.0 0.41 0.03 0.06 0.28 0.08 0.07 1.0
-5.95 5.18 0.36 0.0 0.0 0.0 0.28 0.02 0.19 0.16 0.03 0.02 1.0
-10.16 4.66 2.31 0.24 -0.0 0.0 0.12 0.76 0.02 0.86 0.75 0.64 1.0
-9.88 4.66 2.31 0.24 -0.0 0.0 0.12 0.76 0.02 0.31 0.36 0.27 1.0
-9.59 4.66 2.31 0.24 -0.0 0.0 0.12 0.76 0.02 0.86 0.75 0.64 1.0
-9.33 4.66 2.31 0.24 -0.0 0.0 0.12 0.76 0.02 0.31 0.36 0.27 1.0
-9.06 4.66 2.31 0.24 -0.0 0.0 0.12 0.76 0.02 0.86 0.75 0.64 1.0
-8.78 4.66 2.31 0.24 -0.0 0.0 0.12 0.76 0.02 0.31 0.36 0.27 1.0
-8.5 4.66 2.31 0.24 -0.0 0.0 0.12 0.76 0.02 0.86 0.75 0.64 1.0
-8.23 4.66 2.31 0.24 -0.0 0.0 0.12 0.76 0.02 0.31 0.36 0.27 1.0
-7.94 4.66 2.31 0.24 -0.0 0.0 0.12 0.76 0.02 0.86 0.75 0.64 1.0
-7.65 4.66 2.31 0.24 -0.0 0.0 0.12 0.76 0.02 0.31 0.36 0.27 1.0
-10.16 3.9 1.96 1.6 -0.0 0.0 0.12 0.18 0.02 0.86 0.75 0.64 1.0
-9.88 3.9 1.96 1.6 -0.0 0.0 0.12 0.18 0.02 0.31 0.36 0.27 1.0
-9.59 3.9 1.96 1.6 -0.0 0.0 0.12 0.18 0.02 0.86 0.75 0.64 1.0
-9.33 3.9 1.96 1.6 -0.0 0.0 0.12 0.18 0.02 0.31 0.36 0.27 1.0
-9.06 3.9 1.96 1.6 -0.0 0.0 0.12 0.18 0.02 0.86 0.75 0.64 1.0
-8.78 3.9 1.96 1.6 -0.0 0.0 0.12 0.18 0.02 0.31 0.36 0.27 1.0
-8.5 3.9 1.96 1.6 -0.0 0.0 0.12 0.18 0.02 0.86 0.75 0.64 1.0
-8.23 3.9 1.96 1.6 -0.0 0.0 0.12 0.18 0.02 0.31 0.36 0.27 1.0
-7.94 3.9 1.96 1.6 -0.0 0.0 0.12 0.18 0.02 0.86 0.75 0.64 1.0
-7.65 3.9 1.96 1.6 -0.0 0.0 0.12 0.18 0.02 0.31 0.36 0.27 1.0
-4.61 6.0 1.0 0.0 0.65 0.0 0.04 0.03 1.74 0.25 0.06 0.07 1.0
-4.61 7.99 1.0 0.0 0.65 0.0 0.04 0.03 1.74 0.25 0.06 0.07 1.0
-4.46 7.99 -0.07 -0.0 2.22 -0.0 0.03 0.03 0.81 0.25 0.06 0.07 1.0
-4.46 5.97 -0.07 -0.0 2.22 -0.0 0.03 0.03 0.81 0.25 0.06 0.07 1.0
-4.45 5.66 2.49 0.05 0.0 1.57 0.12 0.97 0.02 0.86 0.75 0.64 1.0
-4.45 5.94 2.49 0.05 0.0 1.57 0.12 0.97 0.02 0.31 0.36 0.27 1.0
-4.45 6.23 2.49 0.05 0.0 1.57 0.12 0.97 0.02 0.86 0.75 0.64 1.0
-4.45 6.49 2.49 0.05 0.0 1.57 0.12 0.97 0.02 0.31 0.36 0.27 1.0
-4.45 6.76 2.49 0.05 0.0 1.57 0.12 0.97 0.02 0.86 0.75 0.64 1.0
-4.45 7.04 2.49 0.05 0.0 1.57 0.12 0.97 0.02 0.31 0.36 0.27 1.0
-4.45 7.32 2.49 0.05 0.0 1.57 0.12 0.97 0.02 0.86 0.75 0.64 1.0
-4.45 7.59 2.49 0.05 0.0 1.57 0.12 0.97 0.02 0.31 0.36 0.27 1.0
-4.45 7.88 2.49 0.05 0.0 1.57 0.12 0.97 0.02 0.86 0.75 0.64 1.0
-4.45 8.17 2.49 0.05 0.0 1.57 0.12 0.97 0.02 0.31 0.36 0.27 1.0
-3.41 5.66 2.28 1.41 0.0 1.57 0.12 0.18 0.02 0.86 0.75 0.64 1.0
-3.41 5.94 2.28 1.41 0.0 1.57 0.12 0.18 0.02 0.31 0.36 0.27 1.0
-3.41 6.23 2.28 1.41 0.0 1.57 0.12 0.18 0.02 0.86 0.75 0.64 1.0
-3.41 6.49 2.28 1.41 0.0 1.57 0.12 0.18 0.02 0.31 0.36 0.27 1.0
-3.41 6.76 2.28 1.41 0.0 1.57 0.12 0.18 0.02 0.86 0.75 0.64 1.0
-3.41 7.04 2.28 1.41 0.0 1.57 0.12 0.18 0.02 0.31 0.36 0.27 1.0
-3.41 7.32 2.28 1.41 0.0 1.57 0.12 0.18 0.02 0.86 0.75 0.64 1.0
-3.41 7.59 2.28 1.41 0.0 1.57 0.12 0.18 0.02 0.31 0.36 0.27 1.0
-3.41 7.88 2.28 1.41 0.0 1.57 0.12 0.18 0.02 0.86 0.75 0.64 1.0
-3.41 8.17 2.28 1.41 0.0 1.57 0.12 0.18 0.02 0.31 0.36 0.27 1.0
-8.9 5.9 5.97 0.52 -0.0 0.0 1.85 1.43 0.08 0.57 0.16 0.06 1.0
-10.11 5.82 6.05 0.52 0.0 0.0 0.09 1.42 -0.05 0.35 0.06 0.03 1.0
-10.61 5.82 6.05 0.52 0.0 0.0 0.09 1.42 -0.05 0.35 0.06 0.03 1.0
-9.51 5.82 6.05 0.52 0.0 0.0 0.09 1.42 -0.05 0.35 0.06 0.03 1.0
-8.89 5.82 6.05 0.52 0.0 0.0 0.09 1.42 -0.05 0.35 0.06 0.03 1.0
-8.31 5.82 6.05 0.52 0.0 0.0 0.09 1.42 -0.05 0.35 0.06 0.03 1.0
-7.74 5.82 6.05 0.52 0.0 0.0 0.09 1.42 -0.05 0.35 0.06 0.03 1.0
-7.18 5.82 6.05 0.52 0.0 0.0 0.09 1.42 -0.05 0.35 0.06 0.03 1.0
-10.11 8.04 6.05 -0.53 -0.0 0.0 0.09 1.42 -0.05 0.35 0.06 0.03 1.0
-10.61 8.04 6.05 -0.53 -0.0 0.0 0.09 1.42 -0.05 0.35 0.06 0.03 1.0
-9.51 8.04 6.05 -0.53 -0.0 0.0 0.09 1.42 -0.05 0.35 0.06 0.03 1.0
-8.89 8.04 6.05 -0.53 -0.0 0.0 0.09 1.42 -0.05 0.35 0.06 0.03 1.0
-8.31 8.04 6.05 -0.53 -0.0 0.0 0.09 1.42 -0.05 0.35 0.06 0.03 1.0
-7.74 8.04 6.05 -0.53 -0.0 0.0 0.09 1.42 -0.05 0.35 0.06 0.03 1.0
-7.18 8.04 6.05 -0.53 -0.0 0.0 0.09 1.42 -0.05 0.35 0.06 0.03 1.0
-8.9 8.18 5.89 2.62 -0.0 0.0 1.85 1.22 0.07 0.57 0.16 0.06 1.0
-6.11 5.9 5.52 1.57 -0.0 0.0 0.11 1.37 0.11 0.57 0.16 0.06 1.0
-6.11 5.9 6.86 1.57 -0.0 0.0 0.19 0.06 0.19 0.25 0.07 0.03 1.0
-6.11 7.36 5.52 1.57 -0.0 0.0 0.11 1.37 0.11 0.57 0.16 0.06 1.0
-6.11 7.36 6.88 1.57 -0.0 0.0 0.19 0.06 0.19 0.25 0.07 0.03 1.0
-4.99 5.56 4.45 4.71 -0.0 0.0 0.08 0.27 0.08 0.57 0.16 0.06 1.0
-4.99 5.56 4.15 4.71 -0.0 0.0 0.19 0.06 0.19 0.25 0.07 0.03 1.0
-5.18 5.56 4.62 4.71 1.57 0.0 0.04 0.17 0.05 0.57 0.16 0.06 1.0
-5.3 6.92 5.67 0.0 -0.0 0.0 0.09 1.42 -0.05 0.35 0.06 0.03 1.0
-6.16 5.36 5.68 0.0 -0.0 1.57 0.09 0.96 -0.05 0.35 0.06 0.03 1.0
-6.96 5.76 6.11 0.79 -0.01 0.0 0.05 0.55 -0.02 0.35 0.06 0.03 1.0
-6.56 5.76 6.11 0.79 -0.01 0.0 0.05 0.55 -0.02 0.35 0.06 0.03 1.0
-5.76 5.76 6.11 0.79 -0.01 0.0 0.05 0.55 -0.02 0.35 0.06 0.03 1.0
-5.37 5.76 6.11 0.79 -0.01 0.0 0.05 0.55 -0.02 0.35 0.06 0.03 1.0
-6.96 7.26 6.15 0.7 -0.01 0.0 0.05 0.55 -0.02 0.35 0.06 0.03 1.0
-6.56 7.26 6.15 0.7 -0.01 0.0 0.05 0.55 -0.02 0.35 0.06 0.03 1.0
-5.76 7.26 6.15 0.7 -0.01 0.0 0.05 0.55 -0.02 0.35 0.06 0.03 1.0
-5.37 8.13 6.15 2.27 -0.0 -0.01 0.05 0.55 -0.02 0.35 0.06 0.03 1.0
-6.17 6.22 6.53 0.0 -0.0 1.57 0.04 0.87 -0.05 0.35 0.06 0.03 1.0
-6.23 7.75 6.56 0.0 -0.0 1.57 0.04 0.94 -0.05 0.35 0.06 0.03 1.0
-5.37 6.62 6.11 2.36 0.0 -0.01 0.05 0.55 -0.02 0.35 0.06 0.03 1.0
-5.35 7.26 6.15 0.7 -0.01 0.0 0.05 0.55 -0.02 0.35 0.06 0.03 1.0
-4.63 6.93 4.3 0.0 0.0 0.0 -0.42 -0.41 0.49 0.84 0.76 0.68 1.0
-5.08 6.93 4.3 0.0 0.0 0.0 -0.27 -0.08 0.1 0.84 0.76 0.68 1.0
-4.7 6.95 4.82 0.0 0.0 0.0 0.52 0.53 -0.04 0.28 0.1 0.08 1.0
-4.7 6.95 4.86 0.0 0.0 0.0 0.29 0.29 -0.02 0.14 0.05 0.04 1.0
-4.2 6.91 3.81 1.57 -0.0 0.0 0.03 0.04 0.43 0.84 0.76 0.68 1.0
-4.2 6.9 4.3 0.0 0.0 0.0 0.05 0.04 0.52 0.84 0.76 0.68 1.0
-4.2 7.35 4.3 0.0 0.0 0.0 0.05 0.04 0.52 0.84 0.76 0.68 1.0
-4.6 6.47 4.3 0.0 0.0 0.0 0.05 0.04 0.52 0.84 0.76 0.68 1.0
-5.04 6.47 4.3 0.0 0.0 0.0 0.05 0.04 0.52 0.84 0.76 0.68 1.0
-4.64 6.44 3.82 1.57 -0.0 1.57 0.03 0.04 0.43 0.84 0.76 0.68 1.0
-6.48 5.69 3.85 0.0 0.0 0.0 0.3 0.28 0.51 0.02 0.0 0.0 1.0
-6.11 5.45 3.83 0.0 0.0 0.0 0.07 0.11 0.64 0.84 0.76 0.68 1.0
-6.85 5.43 3.83 0.0 0.0 0.0 0.07 0.11 0.64 0.84 0.76 0.68 1.0
-6.5 5.48 3.25 -0.0 1.57 0.0 0.07 0.11 0.64 0.84 0.76 0.68 1.0
-6.5 5.37 4.43 -0.0 1.57 0.0 0.07 0.11 0.64 0.84 0.76 0.68 1.0
-6.52 5.49 3.83 0.0 0.0 0.0 0.02 0.11 0.64 0.84 0.76 0.68 1.0
-6.52 5.5 4.09 -0.0 1.57 0.0 0.02 0.11 0.33 0.84 0.76 0.68 1.0
-6.52 5.5 3.78 -0.0 1.57 0.0 0.02 0.11 0.33 0.84 0.76 0.68 1.0
-6.52 5.5 3.51 -0.0 1.57 0.0 0.02 0.11 0.33 0.84 0.76 0.68 1.0
-6.5 5.37 4.56 -0.0 1.57 0.0 0.03 0.05 0.43 0.84 0.76 0.68 1.0
-9.49 5.65 4.13 0.0 0.0 0.0 0.26 0.24 0.44 0.02 0.0 0.0 1.0
-8.78 5.65 4.13 0.0 0.0 0.0 0.26 0.24 0.44 0.02 0.0 0.0 1.0
-8.08 5.65 4.13 0.0 0.0 0.0 0.26 0.24 0.44 0.02 0.0 0.0 1.0
-8.91 5.43 3.13 0.0 0.0 0.0 1.23 0.53 -0.04 0.28 0.1 0.08 1.0
-8.8 5.43 3.63 0.0 0.0 0.0 1.16 0.33 -0.02 0.28 0.1 0.08 1.0
-9.13 5.43 3.25 -0.0 1.57 0.0 0.34 0.05 -0.04 0.28 0.1 0.08 1.0
-8.69 5.43 3.25 -0.0 1.57 0.0 0.34 0.05 -0.04 0.28 0.1 0.08 1.0
-9.51 5.43 3.25 -0.0 1.57 0.0 0.34 0.05 -0.04 0.28 0.1 0.08 1.0
-8.26 5.43 3.25 -0.0 1.57 0.0 0.34 0.05 -0.04 0.28 0.1 0.08 1.0
-9.79 5.42 4.16 0.0 0.0 0.0 0.04 0.03 0.48 0.84 0.76 0.68 1.0
-9.2 5.42 4.16 0.0 0.0 0.0 0.04 0.03 0.48 0.84 0.76 0.68 1.0
-9.04 5.42 4.16 0.0 0.0 0.0 0.04 0.03 0.48 0.84 0.76 0.68 1.0
-8.52 5.42 4.16 0.0 0.0 0.0 0.04 0.03 0.48 0.84 0.76 0.68 1.0
-8.37 5.42 4.16 0.0 0.0 0.0 0.04 0.03 0.48 0.84 0.76 0.68 1.0
-7.8 5.42 4.16 0.0 0.0 0.0 0.04 0.03 0.48 0.84 0.76 0.68 1.0
-8.08 5.4 4.16 -0.0 1.57 0.0 0.04 0.03 0.31 0.84 0.76 0.68 1.0
-8.78 5.39 4.16 -0.0 1.57 0.0 0.04 0.03 0.31 0.84 0.76 0.68 1.0
-9.49 5.41 4.16 -0.0 1.57 0.0 0.04 0.03 0.31 0.84 0.76 0.68 1.0
-9.49 5.42 4.16 0.0 0.0 0.0 0.04 0.03 0.48 0.84 0.76 0.68 1.0
-8.79 5.42 4.16 0.0 0.0 0.0 0.04 0.03 0.48 0.84 0.76 0.68 1.0
-8.09 5.42 4.16 0.0 0.0 0.0 0.04 0.03 0.48 0.84 0.76 0.68 1.0
0.0 0.0 0.0 0.0 0.0 0.0 12.08 12.08 -0.06 0.64 0.47 0.37 1.0
-6.54 -19.44 0.31 0.0 0.0 0.0 0.25 0.53 -0.0 0.51 0.33 0.23 1.0
-5.9 -19.92 0.31 0.0 0.0 0.0 0.25 0.53 -0.0 0.51 0.33 0.23 1.0
-6.54 -20.61 0.31 0.0 0.0 0.0 0.25 0.53 -0.0 0.51 0.33 0.23 1.0
-5.9 -21.08 0.31 0.0 0.0 0.0 0.25 0.53 -0.0 0.51 0.33 0.23 1.0
-6.54 -21.84 0.31 0.0 0.0 0.0 0.25 0.53 -0.0 0.51 0.33 0.23 1.0
-6.54 -23.0 0.31 0.0 0.0 0.0 0.25 0.53 -0.0 0.51 0.33 0.23 1.0
-5.9 -23.47 0.31 0.0 0.0 0.0 0.25 0.53 -0.0 0.51 0.33 0.23 1.0
-6.54 -24.23 0.31 0.0 0.0 0.0 0.25 0.53 -0.0 0.51 0.33 0.23 1.0
-5.9 -22.31 0.31 0.0 0.0 0.0 0.25 0.53 -0.0 0.51 0.33 0.23 1.0
-5.9 -24.7 0.31 0.0 0.0 0.0 0.25 0.53 -0.0 0.51 0.33 0.23 1.0
-5.9 -19.01 0.31 0.0 0.0 0.0 0.25 0.29 -0.0 0.51 0.33 0.23 1.0
-6.54 -25.4 0.31 0.0 0.0 0.0 0.25 0.53 -0.0 0.51 0.33 0.23 1.0
-5.9 -25.88 0.31 0.0 0.0 0.0 0.25 0.53 -0.0 0.51 0.33 0.23 1.0
-6.54 -26.63 0.31 0.0 0.0 0.0 0.25 0.53 -0.0 0.51 0.33 0.23 1.0
-5.9 -27.11 0.31 0.0 0.0 0.0 0.25 0.53 -0.0 0.51 0.33 0.23 1.0
-6.54 -27.84 0.31 0.0 0.0 0.0 0.25 0.53 -0.0 0.51 0.33 0.23 1.0
-5.9 -28.31 0.31 0.0 0.0 0.0 0.25 0.53 -0.0 0.51 0.33 0.23 1.0
-6.54 -29.07 0.31 0.0 0.0 0.0 0.25 0.53 -0.0 0.51 0.33 0.23 1.0
-5.9 -29.54 0.31 0.0 0.0 0.0 0.25 0.53 -0.0 0.51 0.33 0.23 1.0
-6.54 -30.26 0.31 0.0 0.0 0.0 0.25 0.53 -0.0 0.51 0.33 0.23 1.0
-5.9 -30.74 0.31 0.0 0.0 0.0 0.25 0.53 -0.0 0.51 0.33 0.23 1.0
-6.54 -31.5 0.31 0.0 0.0 0.0 0.25 0.53 -0.0 0.51 0.33 0.23 1.0
2.12 -9.14 0.1 0.0 0.0 0.0 0.25 0.53 -0.0 0.51 0.33 0.23 1.0
1.48 -9.87 0.1 0.0 0.0 0.0 0.25 0.53 -0.0 0.51 0.33 0.23 1.0
2.12 -10.35 0.1 0.0 0.0 0.0 0.25 0.53 -0.0 0.51 0.33 0.23 1.0
1.48 -11.1 0.1 0.0 0.0 0.0 0.25 0.53 -0.0 0.51 0.33 0.23 1.0
2.12 -11.58 0.1 0.0 0.0 0.0 0.25 0.53 -0.0 0.51 0.33 0.23 1.0
-10.24 4.19 0.59 -0.42 -0.0 -0.48 0.2 0.03 0.3 0.02 0.0 0.0 1.0
-10.22 4.22 0.57 -0.42 -0.0 -0.48 0.26 0.03 0.37 0.67 0.28 0.14 1.0
-10.53 4.17 0.07 -0.42 -0.0 -0.48 -0.03 0.03 0.37 0.67 0.28 0.14 1.0
-10.12 3.93 0.07 -0.42 -0.0 -0.48 -0.03 0.03 0.37 0.67 0.28 0.14 1.0
-10.16 4.28 0.31 0.05 -0.0 -0.48 -0.03 0.03 0.37 0.67 0.28 0.14 1.0
-8.71 4.22 0.35 1.57 -0.0 0.0 0.8 0.03 0.29 0.67 0.28 0.14 1.0
-9.4 4.02 0.18 1.57 -0.0 0.0 0.03 0.17 -0.03 0.67 0.28 0.14 1.0
-9.4 4.43 0.18 1.57 -0.0 0.0 0.03 0.17 -0.03 0.67 0.28 0.14 1.0
-8.0 4.02 0.18 1.57 -0.0 0.0 0.03 0.17 -0.03 0.67 0.28 0.14 1.0
-8.0 4.43 0.18 1.57 -0.0 0.0 0.03 0.17 -0.03 0.67 0.28 0.14 1.0
-3.51 7.16 0.35 1.57 -0.0 0.0 0.8 0.03 0.29 0.67 0.28 0.14 1.0
-4.21 6.96 0.18 1.57 -0.0 0.0 0.03 0.17 -0.03 0.67 0.28 0.14 1.0
-4.21 7.38 0.18 1.57 -0.0 0.0 0.03 0.17 -0.03 0.67 0.28 0.14 1.0
-2.81 6.96 0.18 1.57 -0.0 0.0 0.03 0.17 -0.03 0.67 0.28 0.14 1.0
-2.81 7.38 0.18 1.57 -0.0 0.0 0.03 0.17 -0.03 0.67 0.28 0.14 1.0
-3.51 6.4 0.35 1.57 -0.0 0.0 0.8 0.03 0.29 0.67 0.28 0.14 1.0
-4.21 6.2 0.18 1.57 -0.0 0.0 0.03 0.17 -0.03 0.67 0.28 0.14 1.0
-4.21 6.62 0.18 1.57 -0.0 0.0 0.03 0.17 -0.03 0.67 0.28 0.14 1.0
-2.81 6.2 0.18 1.57 -0.0 0.0 0.03 0.17 -0.03 0.67 0.28 0.14 1.0
-2.81 6.62 0.18 1.57 -0.0 0.0 0.03 0.17 -0.03 0.67 0.28 0.14 1.0
-9.87 5.14 3.25 0.0 0.0 0.0 0.11 0.11 0.11 0.64 0.25 0.13 1.0
-9.62 5.14 3.25 0.0 0.0 0.0 0.11 0.11 0.11 0.37 0.06 0.02 1.0
-9.35 5.14 3.25 0.0 0.0 0.0 0.11 0.11 0.11 0.37 0.06 0.02 1.0
-9.03 5.14 3.25 0.0 0.0 0.0 0.11 0.11 0.11 0.64 0.25 0.13 1.0
-8.62 5.14 3.25 0.0 0.0 0.0 0.11 0.11 0.11 0.37 0.06 0.02 1.0
-7.94 5.14 3.25 0.0 0.0 0.0 0.11 0.11 0.11 0.64 0.25 0.13 1.0
-8.33 5.14 3.25 0.0 0.0 0.0 0.11 0.11 0.11 0.19 0.05 0.04 1.0
-10.18 5.0 0.98 0.0 0.0 0.0 0.05 0.13 0.22 0.64 0.25 0.13 1.0
-10.04 5.0 0.98 0.0 0.0 0.0 0.05 0.13 0.22 0.19 0.05 0.04 1.0
-9.9 5.0 0.98 0.0 0.0 0.0 0.05 0.13 0.22 0.64 0.25 0.13 1.0
-9.78 5.0 0.98 0.0 0.0 0.0 0.05 0.13 0.22 0.37 0.06 0.02 1.0
-9.52 5.0 0.98 0.0 0.0 0.0 0.05 0.13 0.22 0.64 0.25 0.13 1.0
-9.38 5.0 0.98 0.0 0.0 0.0 0.05 0.13 0.22 0.19 0.05 0.04 1.0
-9.24 5.0 0.98 0.0 0.0 0.0 0.05 0.13 0.22 0.37 0.06 0.02 1.0
-9.11 5.0 0.98 0.0 0.0 0.0 0.05 0.13 0.22 0.64 0.25 0.13 1.0
-8.88 5.0 0.98 0.0 0.0 0.0 0.05 0.13 0.22 0.64 0.25 0.13 1.0
-8.74 5.0 0.98 0.0 0.0 0.0 0.05 0.13 0.22 0.19 0.05 0.04 1.0
-7.79 5.0 0.98 0.0 0.0 0.0 0.05 0.13 0.22 0.64 0.25 0.13 1.0
-7.65 5.0 0.98 0.0 0.0 0.0 0.05 0.13 0.22 0.19 0.05 0.04 1.0
-8.07 5.0 0.98 0.0 0.0 0.0 0.05 0.13 0.22 0.37 0.06 0.02 1.0
-7.94 5.0 0.98 0.0 0.0 0.0 0.05 0.13 0.22 0.37 0.06 0.02 1.0
-3.12 7.9 0.26 1.57 -0.0 1.92 0.11 0.02 0.13 0.67 0.28 0.14 1.0
-3.05 8.04 0.26 -0.35 1.57 0.0 0.29 0.01 -0.02 0.67 0.28 0.14 1.0
-3.12 8.02 0.26 -0.35 1.57 0.0 0.29 0.01 -0.02 0.67 0.28 0.14 1.0
-3.18 8.0 0.26 -0.35 1.57 0.0 0.29 0.01 -0.02 0.67 0.28 0.14 1.0
-3.26 7.97 0.26 -0.35 1.57 0.0 0.29 0.01 -0.02 0.67 0.28 0.14 1.0
-3.16 8.0 0.51 3.14 -0.0 3.49 0.18 0.01 -0.02 0.67 0.28 0.14 1.0
-2.99 7.88 0.17 -0.35 1.57 0.0 0.1 0.01 -0.02 0.67 0.28 0.14 1.0
-3.18 7.81 0.17 -0.35 1.57 0.0 0.1 0.01 -0.02 0.67 0.28 0.14 1.0
-2.5 7.15 0.26 1.57 -0.0 0.17 0.11 0.02 0.13 0.67 0.28 0.14 1.0
-2.37 7.05 0.26 1.4 1.57 0.0 0.29 0.01 -0.02 0.67 0.28 0.14 1.0
-2.38 7.13 0.26 1.4 1.57 0.0 0.29 0.01 -0.02 0.67 0.28 0.14 1.0
-2.4 7.2 0.26 1.4 1.57 0.0 0.29 0.01 -0.02 0.67 0.28 0.14 1.0
-2.41 7.27 0.26 1.4 1.57 0.0 0.29 0.01 -0.02 0.67 0.28 0.14 1.0
-2.39 7.17 0.51 3.14 -0.0 1.75 0.18 0.01 -0.02 0.67 0.28 0.14 1.0
-2.55 7.02 0.17 1.4 1.57 0.0 0.1 0.01 -0.02 0.67 0.28 0.14 1.0
-2.58 7.23 0.17 1.4 1.57 0.0 0.1 0.01 -0.02 0.67 0.28 0.14 1.0
-3.85 5.82 0.26 1.57 -0.0 -1.57 0.11 0.02 0.13 0.67 0.28 0.14 1.0
-3.96 5.71 0.26 3.14 1.57 0.0 0.29 0.01 -0.02 0.67 0.28 0.14 1.0
-3.89 5.71 0.26 3.14 1.57 0.0 0.29 0.01 -0.02 0.67 0.28 0.14 1.0
-3.82 5.71 0.26 3.14 1.57 0.0 0.29 0.01 -0.02 0.67 0.28 0.14 1.0
-3.74 5.71 0.26 3.14 1.57 0.0 0.29 0.01 -0.02 0.67 0.28 0.14 1.0
-3.85 5.71 0.51 3.14 -0.0 -0.0 0.18 0.01 -0.02 0.67 0.28 0.14 1.0
-3.96 5.89 0.17 3.14 1.57 0.0 0.1 0.01 -0.02 0.67 0.28 0.14 1.0
-3.76 5.89 0.17 3.14 1.57 0.0 0.1 0.01 -0.02 0.67 0.28 0.14 1.0
-2.96 5.68 0.26 1.57 -0.0 -2.18 0.11 0.02 0.13 0.67 0.28 0.14 1.0
-3.12 5.66 0.26 3.75 1.57 0.0 0.29 0.01 -0.02 0.67 0.28 0.14 1.0
-3.06 5.62 0.26 3.75 1.57 0.0 0.29 0.01 -0.02 0.67 0.28 0.14 1.0
-3.0 5.58 0.26 3.75 1.57 0.0 0.29 0.01 -0.02 0.67 0.28 0.14 1.0
-2.93 5.53 0.26 3.75 1.57 0.0 0.29 0.01 -0.02 0.67 0.28 0.14 1.0
-3.02 5.59 0.51 3.14 -0.0 -0.61 0.18 0.01 -0.02 0.67 0.28 0.14 1.0
-3.01 5.8 0.17 3.75 1.57 0.0 0.1 0.01 -0.02 0.67 0.28 0.14 1.0
-2.85 5.69 0.17 3.75 1.57 0.0 0.1 0.01 -0.02 0.67 0.28 0.14 1.0
-4.01 7.76 0.26 1.57 -0.0 1.22 0.11 0.02 0.13 0.67 0.28 0.14 1.0
-3.86 7.83 0.26 0.35 1.57 0.0 0.29 0.01 -0.02 0.67 0.28 0.14 1.0
-3.93 7.85 0.26 0.35 1.57 0.0 0.29 0.01 -0.02 0.67 0.28 0.14 1.0
-4.0 7.88 0.26 0.35 1.57 0.0 0.29 0.01 -0.02 0.67 0.28 0.14 1.0
-4.07 7.91 0.26 0.35 1.57 0.0 0.29 0.01 -0.02 0.67 0.28 0.14 1.0
-3.97 7.87 0.51 3.14 -0.0 2.79 0.18 0.01 -0.02 0.67 0.28 0.14 1.0
-3.92 7.66 0.17 0.35 1.57 0.0 0.1 0.01 -0.02 0.67 0.28 0.14 1.0
-4.12 7.73 0.17 0.35 1.57 0.0 0.1 0.01 -0.02 0.67 0.28 0.14 1.0
-2.5 6.38 0.26 1.57 -0.0 -0.17 0.11 0.02 0.13 0.67 0.28 0.14 1.0
-2.41 6.24 0.26 1.75 1.57 0.0 0.29 0.01 -0.02 0.67 0.28 0.14 1.0
-2.4 6.32 0.26 1.75 1.57 0.0 0.29 0.01 -0.02 0.67 0.28 0.14 1.0
-2.39 6.38 0.26 1.75 1.57 0.0 0.29 0.01 -0.02 0.67 0.28 0.14 1.0
-2.37 6.46 0.26 1.75 1.57 0.0 0.29 0.01 -0.02 0.67 0.28 0.14 1.0
-2.39 6.36 0.51 3.14 -0.0 1.4 0.18 0.01 -0.02 0.67 0.28 0.14 1.0
-2.59 6.27 0.17 1.75 1.57 0.0 0.1 0.01 -0.02 0.67 0.28 0.14 1.0
-2.55 6.48 0.17 1.75 1.57 0.0 0.1 0.01 -0.02 0.67 0.28 0.14 1.0
-3.53 9.71 0.97 0.0 0.0 0.0 0.08 0.08 -1.22 0.08 0.03 0.02 1.0
-4.22 9.9 2.26 0.0 0.0 0.0 0.63 0.87 0.87 0.25 0.29 0.26 1.0
-3.34 9.9 3.0 0.0 0.0 0.0 0.55 0.55 0.55 0.25 0.29 0.26 1.0
-4.22 10.64 3.3 0.0 0.0 0.0 0.71 0.71 0.71 0.25 0.29 0.26 1.0
-2.73 10.34 2.4 0.0 0.0 0.0 0.25 0.25 0.25 0.25 0.29 0.26 1.0
-8.52 -2.14 0.97 0.0 0.0 0.0 0.08 0.08 -1.22 0.08 0.03 0.02 1.0
-9.21 -1.95 2.26 0.0 0.0 0.0 0.63 0.87 0.87 0.25 0.29 0.26 1.0
-8.33 -1.95 3.0 0.0 0.0 0.0 0.55 0.55 0.55 0.25 0.29 0.26 1.0
-9.21 -1.21 3.3 0.0 0.0 0.0 0.71 0.71 0.71 0.25 0.29 0.26 1.0
-7.72 -1.51 2.4 0.0 0.0 0.0 0.25 0.25 0.25 0.25 0.29 0.26 1.0
-1.54 10.77 0.35 0.0 -0.0 -0.7 0.07 0.07 -1.06 0.08 0.03 0.02 1.0
-1.9 11.29 1.47 0.0 -0.0 -0.7 0.55 0.76 0.76 0.25 0.29 0.26 1.0
-1.83 10.32 2.12 0.0 -0.0 -0.7 0.48 0.48 0.48 0.25 0.29 0.26 1.0
-1.48 11.78 2.37 0.0 -0.0 -0.7 0.21 0.21 0.21 0.25 0.29 0.26 1.0
-0.66 10.75 1.6 0.0 -0.0 -0.7 0.22 0.22 0.22 0.25 0.29 0.26 1.0
-1.9 10.89 2.41 0.0 -0.0 -0.7 0.55 0.76 0.76 0.25 0.29 0.26 1.0
-8.07 -5.26 0.35 0.0 -0.0 -4.79 0.07 0.07 -1.06 0.08 0.03 0.02 1.0
-8.28 -5.85 1.47 0.0 -0.0 -4.79 0.43 0.59 0.59 0.25 0.29 0.26 1.0
-8.57 -6.22 1.91 0.0 -0.0 -4.79 0.48 0.48 0.48 0.25 0.29 0.26 1.0
-8.93 -5.8 2.37 0.0 -0.0 -4.79 0.21 0.21 0.21 0.25 0.29 0.26 1.0
-8.57 -4.53 1.6 0.0 -0.0 -4.79 0.22 0.22 0.22 0.25 0.29 0.26 1.0
-7.96 -5.62 1.95 0.0 -0.0 -4.79 0.55 0.76 0.38 0.25 0.29 0.26 1.0
-8.02 0.0 1.4 0.0 0.0 0.0 0.05 0.05 1.48 0.42 0.25 0.25 1.0
-7.81 0.0 2.82 0.0 0.0 0.0 0.22 0.04 -0.03 0.28 0.14 0.1 1.0
-7.65 0.0 2.67 0.0 0.0 0.0 0.04 0.04 -0.14 0.91 0.78 0.57 1.0
-8.02 -7.09 0.0 0.0 0.0 0.0 0.17 0.17 0.15 0.42 0.25 0.25 1.0
-8.02 -3.47 1.4 0.0 0.0 0.0 0.05 0.05 1.48 0.42 0.25 0.25 1.0
-7.81 -3.47 2.82 0.0 0.0 0.0 0.22 0.04 -0.03 0.28 0.14 0.1 1.0
-7.65 -3.47 2.67 0.0 0.0 0.0 0.04 0.04 -0.14 0.91 0.78 0.57 1.0
-8.02 -3.46 0.0 0.0 0.0 0.0 0.17 0.17 0.15 0.23 0.14 0.14 1.0
-8.02 -7.12 1.4 0.0 0.0 0.0 0.05 0.05 1.48 0.42 0.25 0.25 1.0
-7.81 -7.11 2.82 0.0 0.0 0.0 0.22 0.04 -0.03 0.28 0.14 0.1 1.0
-7.65 -7.11 2.67 0.0 0.0 0.0 0.04 0.04 -0.14 0.91 0.78 0.57 1.0
-8.02 0.0 0.0 0.0 0.0 0.0 0.17 0.17 0.15 0.23 0.14 0.14 1.0
-3.66 -0.25 1.32 0.0 0.0 0.0 2.72 1.49 1.48 0.84 0.76 0.68 1.0
-3.66 -1.75 1.16 0.0 0.0 0.0 2.51 0.15 1.42 0.28 0.1 0.08 1.0
-3.66 -0.25 4.3 0.0 0.0 0.0 2.72 1.49 1.48 0.84 0.76 0.68 1.0
-3.68 -1.39 2.63 0.0 0.0 0.0 2.51 0.66 -0.05 0.28 0.1 0.08 1.0
-1.8 -0.14 5.23 0.7 -0.0 0.0 0.85 1.38 0.54 0.84 0.76 0.68 1.0
-2.1 -1.82 2.28 0.0 0.0 0.0 0.82 0.04 0.21 0.02 0.0 0.0 1.0
-5.13 -1.76 4.68 -0.0 1.57 0.0 0.04 0.03 0.31 0.84 0.76 0.68 1.0
-4.42 -1.76 4.68 -0.0 1.57 0.0 0.04 0.03 0.31 0.84 0.76 0.68 1.0
-3.72 -1.76 4.68 -0.0 1.57 0.0 0.04 0.03 0.31 0.84 0.76 0.68 1.0
-1.8 -0.39 5.11 2.34 -0.0 0.0 0.85 1.38 0.54 0.84 0.76 0.68 1.0
-4.55 -1.76 0.73 0.0 0.0 0.0 1.51 0.66 -0.05 0.28 0.1 0.08 1.0
-0.28 0.21 4.3 1.57 -0.0 1.57 0.03 0.04 0.43 0.84 0.76 0.68 1.0
-1.94 -25.33 0.31 0.0 0.0 0.0 0.76 0.34 -0.0 0.15 0.15 0.07 1.0
-3.06 -1.95 1.2 -1.57 1.57 0.0 1.44 0.09 -0.05 0.28 0.1 0.08 1.0
-2.44 -1.91 1.0 0.0 0.0 0.0 0.41 0.05 1.01 0.02 0.0 0.0 1.0
-2.44 -1.97 0.36 0.0 0.0 0.0 0.41 0.03 0.28 0.28 0.08 0.07 1.0
-2.44 -1.97 1.92 0.0 0.0 0.0 0.41 0.03 0.06 0.28 0.08 0.07 1.0
-2.76 -1.95 1.22 -0.0 1.57 0.0 0.74 0.03 0.03 0.28 0.08 0.07 1.0
-2.58 -1.95 1.22 -0.0 1.57 0.0 0.74 0.03 0.03 0.28 0.08 0.07 1.0
-2.36 -1.95 1.22 -0.0 1.57 0.0 0.74 0.03 0.03 0.28 0.08 0.07 1.0
-2.11 -1.95 1.22 -0.0 1.57 0.0 0.74 0.03 0.03 0.28 0.08 0.07 1.0
-2.44 -1.97 1.21 0.0 0.0 0.0 0.41 0.03 0.06 0.28 0.08 0.07 1.0
-2.44 -2.01 0.36 0.0 0.0 0.0 0.28 0.02 0.19 0.16 0.03 0.02 1.0
0.14 -0.27 4.33 0.0 -0.0 1.57 0.35 0.04 0.44 0.02 0.0 0.0 1.0
-0.26 -0.69 4.31 0.0 -0.0 3.14 0.35 0.04 0.44 0.02 0.0 0.0 1.0
-0.26 0.16 4.31 0.0 -0.0 3.14 0.35 0.04 0.44 0.02 0.0 0.0 1.0
-2.06 -1.91 2.23 0.0 0.0 0.0 0.82 0.05 0.2 0.02 0.0 0.0 1.0
-1.59 -1.9 1.0 0.0 0.0 0.0 0.41 0.05 1.01 0.02 0.0 0.0 1.0
-1.59 -1.96 0.36 0.0 0.0 0.0 0.41 0.03 0.28 0.28 0.08 0.07 1.0
-1.59 -1.96 1.92 0.0 0.0 0.0 0.41 0.03 0.06 0.28 0.08 0.07 1.0
-1.91 -1.94 1.22 -0.0 1.57 0.0 0.74 0.03 0.03 0.28 0.08 0.07 1.0
-1.73 -1.94 1.22 -0.0 1.57 0.0 0.74 0.03 0.03 0.28 0.08 0.07 1.0
-1.51 -1.94 1.22 -0.0 1.57 0.0 0.74 0.03 0.03 0.28 0.08 0.07 1.0
-1.26 -1.94 1.22 -0.0 1.57 0.0 0.74 0.03 0.03 0.28 0.08 0.07 1.0
-1.59 -1.96 1.21 0.0 0.0 0.0 0.41 0.03 0.06 0.28 0.08 0.07 1.0
-1.59 -2.0 0.36 0.0 0.0 0.0 0.28 0.02 0.19 0.16 0.03 0.02 1.0
-5.8 -2.52 2.31 0.24 -0.0 0.0 0.12 0.76 0.02 0.86 0.75 0.64 1.0
-5.52 -2.52 2.31 0.24 -0.0 0.0 0.12 0.76 0.02 0.31 0.36 0.27 1.0
-5.23 -2.52 2.31 0.24 -0.0 0.0 0.12 0.76 0.02 0.86 0.75 0.64 1.0
-4.97 -2.52 2.31 0.24 -0.0 0.0 0.12 0.76 0.02 0.31 0.36 0.27 1.0
-4.7 -2.52 2.31 0.24 -0.0 0.0 0.12 0.76 0.02 0.86 0.75 0.64 1.0
-4.42 -2.52 2.31 0.24 -0.0 0.0 0.12 0.76 0.02 0.31 0.36 0.27 1.0
-4.14 -2.52 2.31 0.24 -0.0 0.0 0.12 0.76 0.02 0.86 0.75 0.64 1.0
-3.87 -2.52 2.31 0.24 -0.0 0.0 0.12 0.76 0.02 0.31 0.36 0.27 1.0
-3.58 -2.52 2.31 0.24 -0.0 0.0 0.12 0.76 0.02 0.86 0.75 0.64 1.0
-3.29 -2.52 2.31 0.24 -0.0 0.0 0.12 0.76 0.02 0.31 0.36 0.27 1.0
-5.8 -3.28 1.96 1.6 -0.0 0.0 0.12 0.18 0.02 0.86 0.75 0.64 1.0
-5.52 -3.28 1.96 1.6 -0.0 0.0 0.12 0.18 0.02 0.31 0.36 0.27 1.0
-5.23 -3.28 1.96 1.6 -0.0 0.0 0.12 0.18 0.02 0.86 0.75 0.64 1.0
-4.97 -3.28 1.96 1.6 -0.0 0.0 0.12 0.18 0.02 0.31 0.36 0.27 1.0
-4.7 -3.28 1.96 1.6 -0.0 0.0 0.12 0.18 0.02 0.86 0.75 0.64 1.0
-4.42 -3.28 1.96 1.6 -0.0 0.0 0.12 0.18 0.02 0.31 0.36 0.27 1.0
-4.14 -3.28 1.96 1.6 -0.0 0.0 0.12 0.18 0.02 0.86 0.75 0.64 1.0
-3.87 -3.28 1.96 1.6 -0.0 0.0 0.12 0.18 0.02 0.31 0.36 0.27 1.0
-3.58 -3.28 1.96 1.6 -0.0 0.0 0.12 0.18 0.02 0.86 0.75 0.64 1.0
-3.29 -3.28 1.96 1.6 -0.0 0.0 0.12 0.18 0.02 0.31 0.36 0.27 1.0
-0.25 -1.18 1.0 0.0 0.65 0.0 0.04 0.03 1.74 0.25 0.06 0.07 1.0
-0.25 0.81 1.0 0.0 0.65 0.0 0.04 0.03 1.74 0.25 0.06 0.07 1.0
-0.1 0.81 -0.07 -0.0 2.22 -0.0 0.03 0.03 0.81 0.25 0.06 0.07 1.0
-0.1 -1.21 -0.07 -0.0 2.22 -0.0 0.03 0.03 0.81 0.25 0.06 0.07 1.0
-0.09 -1.52 2.49 0.05 0.0 1.57 0.12 0.97 0.02 0.86 0.75 0.64 1.0
-0.09 -1.24 2.49 0.05 0.0 1.57 0.12 0.97 0.02 0.31 0.36 0.27 1.0
-0.09 -0.95 2.49 0.05 0.0 1.57 0.12 0.97 0.02 0.86 0.75 0.64 1.0
-0.09 -0.69 2.49 0.05 0.0 1.57 0.12 0.97 0.02 0.31 0.36 0.27 1.0
-0.09 -0.42 2.49 0.05 0.0 1.57 0.12 0.97 0.02 0.86 0.75 0.64 1.0
-0.09 -0.14 2.49 0.05 0.0 1.57 0.12 0.97 0.02 0.31 0.36 0.27 1.0
-0.09 0.14 2.49 0.05 0.0 1.57 0.12 0.97 0.02 0.86 0.75 0.64 1.0
-0.09 0.41 2.49 0.05 0.0 1.57 0.12 0.97 0.02 0.31 0.36 0.27 1.0
-0.09 0.7 2.49 0.05 0.0 1.57 0.12 0.97 0.02 0.86 0.75 0.64 1.0
-0.09 0.99 2.49 0.05 0.0 1.57 0.12 0.97 0.02 0.31 0.36 0.27 1.0
0.95 -1.52 2.28 1.41 0.0 1.57 0.12 0.18 0.02 0.86 0.75 0.64 1.0
0.95 -1.24 2.28 1.41 0.0 1.57 0.12 0.18 0.02 0.31 0.36 0.27 1.0
0.95 -0.95 2.28 1.41 0.0 1.57 0.12 0.18 0.02 0.86 0.75 0.64 1.0
0.95 -0.69 2.28 1.41 0.0 1.57 0.12 0.18 0.02 0.31 0.36 0.27 1.0
0.95 -0.42 2.28 1.41 0.0 1.57 0.12 0.18 0.02 0.86 0.75 0.64 1.0
0.95 -0.14 2.28 1.41 0.0 1.57 0.12 0.18 0.02 0.31 0.36 0.27 1.0
0.95 0.14 2.28 1.41 0.0 1.57 0.12 0.18 0.02 0.86 0.75 0.64 1.0
0.95 0.41 2.28 1.41 0.0 1.57 0.12 0.18 0.02 0.31 0.36 0.27 1.0
0.95 0.7 2.28 1.41 0.0 1.57 0.12 0.18 0.02 0.86 0.75 0.64 1.0
0.95 0.99 2.28 1.41 0.0 1.57 0.12 0.18 0.02 0.31 0.36 0.27 1.0
-4.54 -1.28 5.97 0.52 -0.0 0.0 1.85 1.43 0.08 0.57 0.16 0.06 1.0
-5.75 -1.36 6.05 0.52 0.0 0.0 0.09 1.42 -0.05 0.35 0.06 0.03 1.0
-6.25 -1.36 6.05 0.52 0.0 0.0 0.09 1.42 -0.05 0.35 0.06 0.03 1.0
-5.15 -1.36 6.05 0.52 0.0 0.0 0.09 1.42 -0.05 0.35 0.06 0.03 1.0
-4.53 -1.36 6.05 0.52 0.0 0.0 0.09 1.42 -0.05 0.35 0.06 0.03 1.0
-3.95 -1.36 6.05 0.52 0.0 0.0 0.09 1.42 -0.05 0.35 0.06 0.03 1.0
-3.38 -1.36 6.05 0.52 0.0 0.0 0.09 1.42 -0.05 0.35 0.06 0.03 1.0
-2.82 -1.36 6.05 0.52 0.0 0.0 0.09 1.42 -0.05 0.35 0.06 0.03 1.0
-5.75 0.86 6.05 -0.53 -0.0 0.0 0.09 1.42 -0.05 0.35 0.06 0.03 1.0
-6.25 0.86 6.05 -0.53 -0.0 0.0 0.09 1.42 -0.05 0.35 0.06 0.03 1.0
-5.15 0.86 6.05 -0.53 -0.0 0.0 0.09 1.42 -0.05 0.35 0.06 0.03 1.0
-4.53 0.86 6.05 -0.53 -0.0 0.0 0.09 1.42 -0.05 0.35 0.06 0.03 1.0
-3.95 0.86 6.05 -0.53 -0.0 0.0 0.09 1.42 -0.05 0.35 0.06 0.03 1.0
-3.38 0.86 6.05 -0.53 -0.0 0.0 0.09 1.42 -0.05 0.35 0.06 0.03 1.0
-2.82 0.86 6.05 -0.53 -0.0 0.0 0.09 1.42 -0.05 0.35 0.06 0.03 1.0
-4.54 1.0 5.89 2.62 -0.0 0.0 1.85 1.22 0.07 0.57 0.16 0.06 1.0
-1.75 -1.28 5.52 1.57 -0.0 0.0 0.11 1.37 0.11 0.57 0.16 0.06 1.0
-1.75 -1.28 6.86 1.57 -0.0 0.0 0.19 0.06 0.19 0.25 0.07 0.03 1.0
-1.75 0.18 5.52 1.57 -0.0 0.0 0.11 1.37 0.11 0.57 0.16 0.06 1.0
-1.75 0.18 6.88 1.57 -0.0 0.0 0.19 0.06 0.19 0.25 0.07 0.03 1.0
-0.63 -1.62 4.45 4.71 -0.0 0.0 0.08 0.27 0.08 0.57 0.16 0.06 1.0
-0.63 -1.62 4.15 4.71 -0.0 0.0 0.19 0.06 0.19 0.25 0.07 0.03 1.0
-0.82 -1.62 4.62 4.71 1.57 0.0 0.04 0.17 0.05 0.57 0.16 0.06 1.0
-0.94 -0.26 5.67 0.0 -0.0 0.0 0.09 1.42 -0.05 0.35 0.06 0.03 1.0
-1.8 -1.82 5.68 0.0 -0.0 1.57 0.09 0.96 -0.05 0.35 0.06 0.03 1.0
-2.6 -1.42 6.11 0.79 -0.01 0.0 0.05 0.55 -0.02 0.35 0.06 0.03 1.0
-2.2 -1.42 6.11 0.79 -0.01 0.0 0.05 0.55 -0.02 0.35 0.06 0.03 1.0
-1.4 -1.42 6.11 0.79 -0.01 0.0 0.05 0.55 -0.02 0.35 0.06 0.03 1.0
-1.01 -1.42 6.11 0.79 -0.01 0.0 0.05 0.55 -0.02 0.35 0.06 0.03 1.0
-2.6 0.08 6.15 0.7 -0.01 0.0 0.05 0.55 -0.02 0.35 0.06 0.03 1.0
-2.2 0.08 6.15 0.7 -0.01 0.0 0.05 0.55 -0.02 0.35 0.06 0.03 1.0
-1.4 0.08 6.15 0.7 -0.01 0.0 0.05 0.55 -0.02 0.35 0.06 0.03 1.0
-1.01 0.95 6.15 2.27 -0.0 -0.01 0.05 0.55 -0.02 0.35 0.06 0.03 1.0
-1.81 -0.96 6.53 0.0 -0.0 1.57 0.04 0.87 -0.05 0.35 0.06 0.03 1.0
-1.87 0.57 6.56 0.0 -0.0 1.57 0.04 0.94 -0.05 0.35 0.06 0.03 1.0
-1.01 -0.56 6.11 2.36 0.0 -0.01 0.05 0.55 -0.02 0.35 0.06 0.03 1.0
-0.99 0.08 6.15 0.7 -0.01 0.0 0.05 0.55 -0.02 0.35 0.06 0.03 1.0
-0.27 -0.25 4.3 0.0 0.0 0.0 -0.42 -0.41 0.49 0.84 0.76 0.68 1.0
-0.72 -0.25 4.3 0.0 0.0 0.0 -0.27 -0.08 0.1 0.84 0.76 0.68 1.0
-0.34 -0.23 4.82 0.0 0.0 0.0 0.52 0.53 -0.04 0.28 0.1 0.08 1.0
-0.34 -0.23 4.86 0.0 0.0 0.0 0.29 0.29 -0.02 0.14 0.05 0.04 1.0
0.16 -0.27 3.81 1.57 -0.0 0.0 0.03 0.04 0.43 0.84 0.76 0.68 1.0
0.16 -0.28 4.3 0.0 0.0 0.0 0.05 0.04 0.52 0.84 0.76 0.68 1.0
0.16 0.17 4.3 0.0 0.0 0.0 0.05 0.04 0.52 0.84 0.76 0.68 1.0
-0.24 -0.71 4.3 0.0 0.0 0.0 0.05 0.04 0.52 0.84 0.76 0.68 1.0
-0.68 -0.71 4.3 0.0 0.0 0.0 0.05 0.04 0.52 0.84 0.76 0.68 1.0
-0.28 -0.74 3.82 1.57 -0.0 1.57 0.03 0.04 0.43 0.84 0.76 0.68 1.0
-2.12 -1.49 3.85 0.0 0.0 0.0 0.3 0.28 0.51 0.02 0.0 0.0 1.0
-1.75 -1.73 3.83 0.0 0.0 0.0 0.07 0.11 0.64 0.84 0.76 0.68 1.0
-2.49 -1.75 3.83 0.0 0.0 0.0 0.07 0.11 0.64 0.84 0.76 0.68 1.0
-2.14 -1.7 3.25 -0.0 1.57 0.0 0.07 0.11 0.64 0.84 0.76 0.68 1.0
-2.14 -1.81 4.43 -0.0 1.57 0.0 0.07 0.11 0.64 0.84 0.76 0.68 1.0
-2.16 -1.69 3.83 0.0 0.0 0.0 0.02 0.11 0.64 0.84 0.76 0.68 1.0
-2.16 -1.68 4.09 -0.0 1.57 0.0 0.02 0.11 0.33 0.84 0.76 0.68 1.0
-2.16 -1.68 3.78 -0.0 1.57 0.0 0.02 0.11 0.33 0.84 0.76 0.68 1.0
-2.16 -1.68 3.51 -0.0 1.57 0.0 0.02 0.11 0.33 0.84 0.76 0.68 1.0
-2.14 -1.81 4.56 -0.0 1.57 0.0 0.03 0.05 0.43 0.84 0.76 0.68 1.0
-5.13 -1.53 4.13 0.0 0.0 0.0 0.26 0.24 0.44 0.02 0.0 0.0 1.0
-4.42 -1.53 4.13 0.0 0.0 0.0 0.26 0.24 0.44 0.02 0.0 0.0 1.0
-3.72 -1.53 4.13 0.0 0.0 0.0 0.26 0.24 0.44 0.02 0.0 0.0 1.0
-4.55 -1.75 3.13 0.0 0.0 0.0 1.23 0.53 -0.04 0.28 0.1 0.08 1.0
-4.44 -1.75 3.63 0.0 0.0 0.0 1.16 0.33 -0.02 0.28 0.1 0.08 1.0
-4.77 -1.75 3.25 -0.0 1.57 0.0 0.34 0.05 -0.04 0.28 0.1 0.08 1.0
-4.33 -1.75 3.25 -0.0 1.57 0.0 0.34 0.05 -0.04 0.28 0.1 0.08 1.0
-5.15 -1.75 3.25 -0.0 1.57 0.0 0.34 0.05 -0.04 0.28 0.1 0.08 1.0
-3.9 -1.75 3.25 -0.0 1.57 0.0 0.34 0.05 -0.04 0.28 0.1 0.08 1.0
-5.43 -1.76 4.16 0.0 0.0 0.0 0.04 0.03 0.48 0.84 0.76 0.68 1.0
-4.84 -1.76 4.16 0.0 0.0 0.0 0.04 0.03 0.48 0.84 0.76 0.68 1.0
-4.68 -1.76 4.16 0.0 0.0 0.0 0.04 0.03 0.48 0.84 0.76 0.68 1.0
-4.16 -1.76 4.16 0.0 0.0 0.0 0.04 0.03 0.48 0.84 0.76 0.68 1.0
-4.01 -1.76 4.16 0.0 0.0 0.0 0.04 0.03 0.48 0.84 0.76 0.68 1.0
-3.44 -1.76 4.16 0.0 0.0 0.0 0.04 0.03 0.48 0.84 0.76 0.68 1.0
-3.72 -1.78 4.16 -0.0 1.57 0.0 0.04 0.03 0.31 0.84 0.76 0.68 1.0
-4.42 -1.79 4.16 -0.0 1.57 0.0 0.04 0.03 0.31 0.84 0.76 0.68 1.0
-5.13 -1.77 4.16 -0.0 1.57 0.0 0.04 0.03 0.31 0.84 0.76 0.68 1.0
-5.13 -1.76 4.16 0.0 0.0 0.0 0.04 0.03 0.48 0.84 0.76 0.68 1.0
-4.43 -1.76 4.16 0.0 0.0 0.0 0.04 0.03 0.48 0.84 0.76 0.68 1.0
-3.73 -1.76 4.16 0.0 0.0 0.0 0.04 0.03 0.48 0.84 0.76 0.68 1.0
-2.18 -26.62 0.31 0.0 0.0 0.0 0.25 0.53 -0.0 0.51 0.33 0.23 1.0
-1.54 -27.1 0.31 0.0 0.0 0.0 0.25 0.53 -0.0 0.51 0.33 0.23 1.0
-2.18 -27.79 0.31 0.0 0.0 0.0 0.25 0.53 -0.0 0.51 0.33 0.23 1.0
-1.54 -28.26 0.31 0.0 0.0 0.0 0.25 0.53 -0.0 0.51 0.33 0.23 1.0
-2.18 -29.02 0.31 0.0 0.0 0.0 0.25 0.53 -0.0 0.51 0.33 0.23 1.0
-2.18 -30.18 0.31 0.0 0.0 0.0 0.25 0.53 -0.0 0.51 0.33 0.23 1.0
-1.54 -30.65 0.31 0.0 0.0 0.0 0.25 0.53 -0.0 0.51 0.33 0.23 1.0
-2.18 -31.41 0.31 0.0 0.0 0.0 0.25 0.53 -0.0 0.51 0.33 0.23 1.0
-1.54 -29.49 0.31 0.0 0.0 0.0 0.25 0.53 -0.0 0.51 0.33 0.23 1.0
-1.54 -31.88 0.31 0.0 0.0 0.0 0.25 0.53 -0.0 0.51 0.33 0.23 1.0
-1.54 -26.19 0.31 0.0 0.0 0.0 0.25 0.29 -0.0 0.51 0.33 0.23 1.0
-2.18 -32.58 0.31 0.0 0.0 0.0 0.25 0.53 -0.0 0.51 0.33 0.23 1.0
-1.54 -33.06 0.31 0.0 0.0 0.0 0.25 0.53 -0.0 0.51 0.33 0.23 1.0
-2.18 -33.81 0.31 0.0 0.0 0.0 0.25 0.53 -0.0 0.51 0.33 0.23 1.0
-1.54 -34.29 0.31 0.0 0.0 0.0 0.25 0.53 -0.0 0.51 0.33 0.23 1.0
-2.18 -35.02 0.31 0.0 0.0 0.0 0.25 0.53 -0.0 0.51 0.33 0.23 1.0
-1.54 -35.49 0.31 0.0 0.0 0.0 0.25 0.53 -0.0 0.51 0.33 0.23 1.0
-2.18 -36.25 0.31 0.0 0.0 0.0 0.25 0.53 -0.0 0.51 0.33 0.23 1.0
-1.54 -36.72 0.31 0.0 0.0 0.0 0.25 0.53 -0.0 0.51 0.33 0.23 1.0
-2.18 -37.44 0.31 0.0 0.0 0.0 0.25 0.53 -0.0 0.51 0.33 0.23 1.0
-1.54 -37.92 0.31 0.0 0.0 0.0 0.25 0.53 -0.0 0.51 0.33 0.23 1.0
-2.18 -38.68 0.31 0.0 0.0 0.0 0.25 0.53 -0.0 0.51 0.33 0.23 1.0
-5.88 -2.99 0.59 -0.42 -0.0 -0.48 0.2 0.03 0.3 0.02 0.0 0.0 1.0
-5.86 -2.96 0.57 -0.42 -0.0 -0.48 0.26 0.03 0.37 0.67 0.28 0.14 1.0
-6.17 -3.01 0.07 -0.42 -0.0 -0.48 -0.03 0.03 0.37 0.67 0.28 0.14 1.0
-5.76 -3.25 0.07 -0.42 -0.0 -0.48 -0.03 0.03 0.37 0.67 0.28 0.14 1.0
-5.8 -2.9 0.31 0.05 -0.0 -0.48 -0.03 0.03 0.37 0.67 0.28 0.14 1.0
-4.35 -2.96 0.35 1.57 -0.0 0.0 0.8 0.03 0.29 0.67 0.28 0.14 1.0
-5.04 -3.16 0.18 1.57 -0.0 0.0 0.03 0.17 -0.03 0.67 0.28 0.14 1.0
-5.04 -2.75 0.18 1.57 -0.0 0.0 0.03 0.17 -0.03 0.67 0.28 0.14 1.0
-3.64 -3.16 0.18 1.57 -0.0 0.0 0.03 0.17 -0.03 0.67 0.28 0.14 1.0
-3.64 -2.75 0.18 1.57 -0.0 0.0 0.03 0.17 -0.03 0.67 0.28 0.14 1.0
0.85 -0.02 0.35 1.57 -0.0 0.0 0.8 0.03 0.29 0.67 0.28 0.14 1.0
0.15 -0.22 0.18 1.57 -0.0 0.0 0.03 0.17 -0.03 0.67 0.28 0.14 1.0
0.15 0.2 0.18 1.57 -0.0 0.0 0.03 0.17 -0.03 0.67 0.28 0.14 1.0
1.55 -0.22 0.18 1.57 -0.0 0.0 0.03 0.17 -0.03 0.67 0.28 0.14 1.0
1.55 0.2 0.18 1.57 -0.0 0.0 0.03 0.17 -0.03 0.67 0.28 0.14 1.0
0.85 -0.78 0.35 1.57 -0.0 0.0 0.8 0.03 0.29 0.67 0.28 0.14 1.0
0.15 -0.98 0.18 1.57 -0.0 0.0 0.03 0.17 -0.03 0.67 0.28 0.14 1.0
0.15 -0.56 0.18 1.57 -0.0 0.0 0.03 0.17 -0.03 0.67 0.28 0.14 1.0
1.55 -0.98 0.18 1.57 -0.0 0.0 0.03 0.17 -0.03 0.67 0.28 0.14 1.0
1.55 -0.56 0.18 1.57 -0.0 0.0 0.03 0.17 -0.03 0.67 0.28 0.14 1.0
-5.51 -2.04 3.25 0.0 0.0 0.0 0.11 0.11 0.11 0.64 0.25 0.13 1.0
-5.26 -2.04 3.25 0.0 0.0 0.0 0.11 0.11 0.11 0.37 0.06 0.02 1.0
-4.99 -2.04 3.25 0.0 0.0 0.0 0.11 0.11 0.11 0.37 0.06 0.02 1.0
-4.67 -2.04 3.25 0.0 0.0 0.0 0.11 0.11 0.11 0.64 0.25 0.13 1.0
-4.26 -2.04 3.25 0.0 0.0 0.0 0.11 0.11 0.11 0.37 0.06 0.02 1.0
-3.58 -2.04 3.25 0.0 0.0 0.0 0.11 0.11 0.11 0.64 0.25 0.13 1.0
-3.97 -2.04 3.25 0.0 0.0 0.0 0.11 0.11 0.11 0.19 0.05 0.04 1.0
-5.82 -2.18 0.98 0.0 0.0 0.0 0.05 0.13 0.22 0.64 0.25 0.13 1.0
-5.68 -2.18 0.98 0.0 0.0 0.0 0.05 0.13 0.22 0.19 0.05 0.04 1.0
-5.54 -2.18 0.98 0.0 0.0 0.0 0.05 0.13 0.22 0.64 0.25 0.13 1.0
-5.42 -2.18 0.98 0.0 0.0 0.0 0.05 0.13 0.22 0.37 0.06 0.02 1.0
-5.16 -2.18 0.98 0.0 0.0 0.0 0.05 0.13 0.22 0.64 0.25 0.13 1.0
-5.02 -2.18 0.98 0.0 0.0 0.0 0.05 0.13 0.22 0.19 0.05 0.04 1.0
-4.88 -2.18 0.98 0.0 0.0 0.0 0.05 0.13 0.22 0.37 0.06 0.02 1.0
-4.75 -2.18 0.98 0.0 0.0 0.0 0.05 0.13 0.22 0.64 0.25 0.13 1.0
-4.52 -2.18 0.98 0.0 0.0 0.0 0.05 0.13 0.22 0.64 0.25 0.13 1.0
-4.38 -2.18 0.98 0.0 0.0 0.0 0.05 0.13 0.22 0.19 0.05 0.04 1.0
-3.43 -2.18 0.98 0.0 0.0 0.0 0.05 0.13 0.22 0.64 0.25 0.13 1.0
-3.29 -2.18 0.98 0.0 0.0 0.0 0.05 0.13 0.22 0.19 0.05 0.04 1.0
-3.71 -2.18 0.98 0.0 0.0 0.0 0.05 0.13 0.22 0.37 0.06 0.02 1.0
-3.58 -2.18 0.98 0.0 0.0 0.0 0.05 0.13 0.22 0.37 0.06 0.02 1.0
1.24 0.72 0.26 1.57 -0.0 1.92 0.11 0.02 0.13 0.67 0.28 0.14 1.0
1.31 0.86 0.26 -0.35 1.57 0.0 0.29 0.01 -0.02 0.67 0.28 0.14 1.0
1.24 0.84 0.26 -0.35 1.57 0.0 0.29 0.01 -0.02 0.67 0.28 0.14 1.0
1.18 0.82 0.26 -0.35 1.57 0.0 0.29 0.01 -0.02 0.67 0.28 0.14 1.0
1.1 0.79 0.26 -0.35 1.57 0.0 0.29 0.01 -0.02 0.67 0.28 0.14 1.0
1.2 0.82 0.51 3.14 -0.0 3.49 0.18 0.01 -0.02 0.67 0.28 0.14 1.0
1.37 0.7 0.17 -0.35 1.57 0.0 0.1 0.01 -0.02 0.67 0.28 0.14 1.0
1.18 0.63 0.17 -0.35 1.57 0.0 0.1 0.01 -0.02 0.67 0.28 0.14 1.0
1.86 -0.03 0.26 1.57 -0.0 0.17 0.11 0.02 0.13 0.67 0.28 0.14 1.0
1.99 -0.13 0.26 1.4 1.57 0.0 0.29 0.01 -0.02 0.67 0.28 0.14 1.0
1.98 -0.05 0.26 1.4 1.57 0.0 0.29 0.01 -0.02 0.67 0.28 0.14 1.0
1.96 0.02 0.26 1.4 1.57 0.0 0.29 0.01 -0.02 0.67 0.28 0.14 1.0
1.95 0.09 0.26 1.4 1.57 0.0 0.29 0.01 -0.02 0.67 0.28 0.14 1.0
1.97 -0.01 0.51 3.14 -0.0 1.75 0.18 0.01 -0.02 0.67 0.28 0.14 1.0
1.81 -0.16 0.17 1.4 1.57 0.0 0.1 0.01 -0.02 0.67 0.28 0.14 1.0
1.78 0.05 0.17 1.4 1.57 0.0 0.1 0.01 -0.02 0.67 0.28 0.14 1.0
0.51 -1.36 0.26 1.57 -0.0 -1.57 0.11 0.02 0.13 0.67 0.28 0.14 1.0
0.4 -1.47 0.26 3.14 1.57 0.0 0.29 0.01 -0.02 0.67 0.28 0.14 1.0
0.47 -1.47 0.26 3.14 1.57 0.0 0.29 0.01 -0.02 0.67 0.28 0.14 1.0
0.54 -1.47 0.26 3.14 1.57 0.0 0.29 0.01 -0.02 0.67 0.28 0.14 1.0
0.62 -1.47 0.26 3.14 1.57 0.0 0.29 0.01 -0.02 0.67 0.28 0.14 1.0
0.51 -1.47 0.51 3.14 -0.0 -0.0 0.18 0.01 -0.02 0.67 0.28 0.14 1.0
0.4 -1.29 0.17 3.14 1.57 0.0 0.1 0.01 -0.02 0.67 0.28 0.14 1.0
0.6 -1.29 0.17 3.14 1.57 0.0 0.1 0.01 -0.02 0.67 0.28 0.14 1.0
1.4 -1.5 0.26 1.57 -0.0 -2.18 0.11 0.02 0.13 0.67 0.28 0.14 1.0
1.24 -1.52 0.26 3.75 1.57 0.0 0.29 0.01 -0.02 0.67 0.28 0.14 1.0
1.3 -1.56 0.26 3.75 1.57 0.0 0.29 0.01 -0.02 0.67 0.28 0.14 1.0
1.36 -1.6 0.26 3.75 1.57 0.0 0.29 0.01 -0.02 0.67 0.28 0.14 1.0
1.43 -1.65 0.26 3.75 1.57 0.0 0.29 0.01 -0.02 0.67 0.28 0.14 1.0
1.34 -1.59 0.51 3.14 -0.0 -0.61 0.18 0.01 -0.02 0.67 0.28 0.14 1.0
1.35 -1.38 0.17 3.75 1.57 0.0 0.1 0.01 -0.02 0.67 0.28 0.14 1.0
1.51 -1.49 0.17 3.75 1.57 0.0 0.1 0.01 -0.02 0.67 0.28 0.14 1.0
0.35 0.58 0.26 1.57 -0.0 1.22 0.11 0.02 0.13 0.67 0.28 0.14 1.0
0.5 0.65 0.26 0.35 1.57 0.0 0.29 0.01 -0.02 0.67 0.28 0.14 1.0
0.43 0.67 0.26 0.35 1.57 0.0 0.29 0.01 -0.02 0.67 0.28 0.14 1.0
0.36 0.7 0.26 0.35 1.57 0.0 0.29 0.01 -0.02 0.67 0.28 0.14 1.0
0.29 0.73 0.26 0.35 1.57 0.0 0.29 0.01 -0.02 0.67 0.28 0.14 1.0
0.39 0.69 0.51 3.14 -0.0 2.79 0.18 0.01 -0.02 0.67 0.28 0.14 1.0
0.44 0.48 0.17 0.35 1.57 0.0 0.1 0.01 -0.02 0.67 0.28 0.14 1.0
0.24 0.55 0.17 0.35 1.57 0.0 0.1 0.01 -0.02 0.67 0.28 0.14 1.0
1.86 -0.8 0.26 1.57 -0.0 -0.17 0.11 0.02 0.13 0.67 0.28 0.14 1.0
1.95 -0.94 0.26 1.75 1.57 0.0 0.29 0.01 -0.02 0.67 0.28 0.14 1.0
1.96 -0.86 0.26 1.75 1.57 0.0 0.29 0.01 -0.02 0.67 0.28 0.14 1.0
1.97 -0.8 0.26 1.75 1.57 0.0 0.29 0.01 -0.02 0.67 0.28 0.14 1.0
1.99 -0.72 0.26 1.75 1.57 0.0 0.29 0.01 -0.02 0.67 0.28 0.14 1.0
1.97 -0.82 0.51 3.14 -0.0 1.4 0.18 0.01 -0.02 0.67 0.28 0.14 1.0
1.77 -0.91 0.17 1.75 1.57 0.0 0.1 0.01 -0.02 0.67 0.28 0.14 1.0
1.81 -0.7 0.17 1.75 1.57 0.0 0.1 0.01 -0.02 0.67 0.28 0.14 1.0
0.83 2.53 0.97 0.0 0.0 0.0 0.08 0.08 -1.22 0.08 0.03 0.02 1.0
0.14 2.72 2.26 0.0 0.0 0.0 0.63 0.87 0.87 0.25 0.29 0.26 1.0
1.02 2.72 3.0 0.0 0.0 0.0 0.55 0.55 0.55 0.25 0.29 0.26 1.0
0.14 3.46 3.3 0.0 0.0 0.0 0.71 0.71 0.71 0.25 0.29 0.26 1.0
1.63 3.16 2.4 0.0 0.0 0.0 0.25 0.25 0.25 0.25 0.29 0.26 1.0
-4.16 -9.32 0.97 0.0 0.0 0.0 0.08 0.08 -1.22 0.08 0.03 0.02 1.0
-4.85 -9.13 2.26 0.0 0.0 0.0 0.63 0.87 0.87 0.25 0.29 0.26 1.0
-3.97 -9.13 3.0 0.0 0.0 0.0 0.55 0.55 0.55 0.25 0.29 0.26 1.0
-4.85 -8.39 3.3 0.0 0.0 0.0 0.71 0.71 0.71 0.25 0.29 0.26 1.0
-3.36 -8.69 2.4 0.0 0.0 0.0 0.25 0.25 0.25 0.25 0.29 0.26 1.0
2.82 3.59 0.35 0.0 -0.0 -0.7 0.07 0.07 -1.06 0.08 0.03 0.02 1.0
2.46 4.11 1.47 0.0 -0.0 -0.7 0.55 0.76 0.76 0.25 0.29 0.26 1.0
2.53 3.14 2.12 0.0 -0.0 -0.7 0.48 0.48 0.48 0.25 0.29 0.26 1.0
2.88 4.6 2.37 0.0 -0.0 -0.7 0.21 0.21 0.21 0.25 0.29 0.26 1.0
3.7 3.57 1.6 0.0 -0.0 -0.7 0.22 0.22 0.22 0.25 0.29 0.26 1.0
2.46 3.71 2.41 0.0 -0.0 -0.7 0.55 0.76 0.76 0.25 0.29 0.26 1.0
-3.71 -12.44 0.35 0.0 -0.0 -4.79 0.07 0.07 -1.06 0.08 0.03 0.02 1.0
-3.92 -13.03 1.47 0.0 -0.0 -4.79 0.43 0.59 0.59 0.25 0.29 0.26 1.0
-4.21 -13.4 1.91 0.0 -0.0 -4.79 0.48 0.48 0.48 0.25 0.29 0.26 1.0
-4.57 -12.98 2.37 0.0 -0.0 -4.79 0.21 0.21 0.21 0.25 0.29 0.26 1.0
-4.21 -11.71 1.6 0.0 -0.0 -4.79 0.22 0.22 0.22 0.25 0.29 0.26 1.0
-3.6 -12.8 1.95 0.0 -0.0 -4.79 0.55 0.76 0.38 0.25 0.29 0.26 1.0
-3.66 -7.18 1.4 0.0 0.0 0.0 0.05 0.05 1.48 0.42 0.25 0.25 1.0
-3.45 -7.18 2.82 0.0 0.0 0.0 0.22 0.04 -0.03 0.28 0.14 0.1 1.0
-3.29 -7.18 2.67 0.0 0.0 0.0 0.04 0.04 -0.14 0.91 0.78 0.57 1.0
-3.66 -14.27 0.0 0.0 0.0 0.0 0.17 0.17 0.15 0.42 0.25 0.25 1.0
-3.66 -10.65 1.4 0.0 0.0 0.0 0.05 0.05 1.48 0.42 0.25 0.25 1.0
-3.45 -10.65 2.82 0.0 0.0 0.0 0.22 0.04 -0.03 0.28 0.14 0.1 1.0
-3.29 -10.65 2.67 0.0 0.0 0.0 0.04 0.04 -0.14 0.91 0.78 0.57 1.0
-3.66 -10.64 0.0 0.0 0.0 0.0 0.17 0.17 0.15 0.23 0.14 0.14 1.0
-3.66 -14.3 1.4 0.0 0.0 0.0 0.05 0.05 1.48 0.42 0.25 0.25 1.0
-3.45 -14.29 2.82 0.0 0.0 0.0 0.22 0.04 -0.03 0.28 0.14 0.1 1.0
-3.29 -14.29 2.67 0.0 0.0 0.0 0.04 0.04 -0.14 0.91 0.78 0.57 1.0
-3.66 -7.18 0.0 0.0 0.0 0.0 0.17 0.17 0.15 0.23 0.14 0.14 1.0
6.78 7.46 1.32 0.0 0.0 0.0 2.72 1.49 1.48 0.84 0.76 0.68 1.0
6.78 5.96 1.16 0.0 0.0 0.0 2.51 0.15 1.42 0.28 0.1 0.08 1.0
6.78 7.46 4.3 0.0 0.0 0.0 2.72 1.49 1.48 0.84 0.76 0.68 1.0
6.76 6.32 2.63 0.0 0.0 0.0 2.51 0.66 -0.05 0.28 0.1 0.08 1.0
8.64 7.57 5.23 0.7 -0.0 0.0 0.85 1.38 0.54 0.84 0.76 0.68 1.0
8.34 5.89 2.28 0.0 0.0 0.0 0.82 0.04 0.21 0.02 0.0 0.0 1.0
5.31 5.95 4.68 -0.0 1.57 0.0 0.04 0.03 0.31 0.84 0.76 0.68 1.0
6.02 5.95 4.68 -0.0 1.57 0.0 0.04 0.03 0.31 0.84 0.76 0.68 1.0
6.72 5.95 4.68 -0.0 1.57 0.0 0.04 0.03 0.31 0.84 0.76 0.68 1.0
8.64 7.32 5.11 2.34 -0.0 0.0 0.85 1.38 0.54 0.84 0.76 0.68 1.0
5.89 5.95 0.73 0.0 0.0 0.0 1.51 0.66 -0.05 0.28 0.1 0.08 1.0
10.16 7.92 4.3 1.57 -0.0 1.57 0.03 0.04 0.43 0.84 0.76 0.68 1.0
8.5 -17.63 0.31 0.0 0.0 0.0 0.76 0.34 -0.0 0.15 0.15 0.07 1.0
7.38 5.76 1.2 -1.57 1.57 0.0 1.44 0.09 -0.05 0.28 0.1 0.08 1.0
8.0 5.8 1.0 0.0 0.0 0.0 0.41 0.05 1.01 0.02 0.0 0.0 1.0
8.0 5.74 0.36 0.0 0.0 0.0 0.41 0.03 0.28 0.28 0.08 0.07 1.0
8.0 5.74 1.92 0.0 0.0 0.0 0.41 0.03 0.06 0.28 0.08 0.07 1.0
7.68 5.76 1.22 -0.0 1.57 0.0 0.74 0.03 0.03 0.28 0.08 0.07 1.0
7.86 5.76 1.22 -0.0 1.57 0.0 0.74 0.03 0.03 0.28 0.08 0.07 1.0
8.08 5.76 1.22 -0.0 1.57 0.0 0.74 0.03 0.03 0.28 0.08 0.07 1.0
8.33 5.76 1.22 -0.0 1.57 0.0 0.74 0.03 0.03 0.28 0.08 0.07 1.0
8.0 5.74 1.21 0.0 0.0 0.0 0.41 0.03 0.06 0.28 0.08 0.07 1.0
8.0 5.7 0.36 0.0 0.0 0.0 0.28 0.02 0.19 0.16 0.03 0.02 1.0
10.58 7.44 4.33 0.0 -0.0 1.57 0.35 0.04 0.44 0.02 0.0 0.0 1.0
10.18 7.02 4.31 0.0 -0.0 3.14 0.35 0.04 0.44 0.02 0.0 0.0 1.0
10.18 7.87 4.31 0.0 -0.0 3.14 0.35 0.04 0.44 0.02 0.0 0.0 1.0
8.38 5.8 2.23 0.0 0.0 0.0 0.82 0.05 0.2 0.02 0.0 0.0 1.0
8.85 5.81 1.0 0.0 0.0 0.0 0.41 0.05 1.01 0.02 0.0 0.0 1.0
8.85 5.75 0.36 0.0 0.0 0.0 0.41 0.03 0.28 0.28 0.08 0.07 1.0
8.85 5.75 1.92 0.0 0.0 0.0 0.41 0.03 0.06 0.28 0.08 0.07 1.0
8.53 5.77 1.22 -0.0 1.57 0.0 0.74 0.03 0.03 0.28 0.08 0.07 1.0
8.71 5.77 1.22 -0.0 1.57 0.0 0.74 0.03 0.03 0.28 0.08 0.07 1.0
8.93 5.77 1.22 -0.0 1.57 0.0 0.74 0.03 0.03 0.28 0.08 0.07 1.0
9.18 5.77 1.22 -0.0 1.57 0.0 0.74 0.03 0.03 0.28 0.08 0.07 1.0
8.85 5.75 1.21 0.0 0.0 0.0 0.41 0.03 0.06 0.28 0.08 0.07 1.0
8.85 5.71 0.36 0.0 0.0 0.0 0.28 0.02 0.19 0.16 0.03 0.02 1.0
4.64 5.19 2.31 0.24 -0.0 0.0 0.12 0.76 0.02 0.86 0.75 0.64 1.0
4.92 5.19 2.31 0.24 -0.0 0.0 0.12 0.76 0.02 0.31 0.36 0.27 1.0
5.21 5.19 2.31 0.24 -0.0 0.0 0.12 0.76 0.02 0.86 0.75 0.64 1.0
5.47 5.19 2.31 0.24 -0.0 0.0 0.12 0.76 0.02 0.31 0.36 0.27 1.0
5.74 5.19 2.31 0.24 -0.0 0.0 0.12 0.76 0.02 0.86 0.75 0.64 1.0
6.02 5.19 2.31 0.24 -0.0 0.0 0.12 0.76 0.02 0.31 0.36 0.27 1.0
6.3 5.19 2.31 0.24 -0.0 0.0 0.12 0.76 0.02 0.86 0.75 0.64 1.0
6.57 5.19 2.31 0.24 -0.0 0.0 0.12 0.76 0.02 0.31 0.36 0.27 1.0
6.86 5.19 2.31 0.24 -0.0 0.0 0.12 0.76 0.02 0.86 0.75 0.64 1.0
7.15 5.19 2.31 0.24 -0.0 0.0 0.12 0.76 0.02 0.31 0.36 0.27 1.0
4.64 4.43 1.96 1.6 -0.0 0.0 0.12 0.18 0.02 0.86 0.75 0.64 1.0
4.92 4.43 1.96 1.6 -0.0 0.0 0.12 0.18 0.02 0.31 0.36 0.27 1.0
5.21 4.43 1.96 1.6 -0.0 0.0 0.12 0.18 0.02 0.86 0.75 0.64 1.0
5.47 4.43 1.96 1.6 -0.0 0.0 0.12 0.18 0.02 0.31 0.36 0.27 1.0
5.74 4.43 1.96 1.6 -0.0 0.0 0.12 0.18 0.02 0.86 0.75 0.64 1.0
6.02 4.43 1.96 1.6 -0.0 0.0 0.12 0.18 0.02 0.31 0.36 0.27 1.0
6.3 4.43 1.96 1.6 -0.0 0.0 0.12 0.18 0.02 0.86 0.75 0.64 1.0
6.57 4.43 1.96 1.6 -0.0 0.0 0.12 0.18 0.02 0.31 0.36 0.27 1.0
6.86 4.43 1.96 1.6 -0.0 0.0 0.12 0.18 0.02 0.86 0.75 0.64 1.0
7.15 4.43 1.96 1.6 -0.0 0.0 0.12 0.18 0.02 0.31 0.36 0.27 1.0
10.19 6.53 1.0 0.0 0.65 0.0 0.04 0.03 1.74 0.25 0.06 0.07 1.0
10.19 8.52 1.0 0.0 0.65 0.0 0.04 0.03 1.74 0.25 0.06 0.07 1.0
10.34 8.52 -0.07 -0.0 2.22 -0.0 0.03 0.03 0.81 0.25 0.06 0.07 1.0
10.34 6.5 -0.07 -0.0 2.22 -0.0 0.03 0.03 0.81 0.25 0.06 0.07 1.0
10.35 6.19 2.49 0.05 0.0 1.57 0.12 0.97 0.02 0.86 0.75 0.64 1.0
10.35 6.47 2.49 0.05 0.0 1.57 0.12 0.97 0.02 0.31 0.36 0.27 1.0
10.35 6.76 2.49 0.05 0.0 1.57 0.12 0.97 0.02 0.86 0.75 0.64 1.0
10.35 7.02 2.49 0.05 0.0 1.57 0.12 0.97 0.02 0.31 0.36 0.27 1.0
10.35 7.29 2.49 0.05 0.0 1.57 0.12 0.97 0.02 0.86 0.75 0.64 1.0
10.35 7.57 2.49 0.05 0.0 1.57 0.12 0.97 0.02 0.31 0.36 0.27 1.0
10.35 7.85 2.49 0.05 0.0 1.57 0.12 0.97 0.02 0.86 0.75 0.64 1.0
10.35 8.12 2.49 0.05 0.0 1.57 0.12 0.97 0.02 0.31 0.36 0.27 1.0
10.35 8.41 2.49 0.05 0.0 1.57 0.12 0.97 0.02 0.86 0.75 0.64 1.0
10.35 8.7 2.49 0.05 0.0 1.57 0.12 0.97 0.02 0.31 0.36 0.27 1.0
11.39 6.19 2.28 1.41 0.0 1.57 0.12 0.18 0.02 0.86 0.75 0.64 1.0
11.39 6.47 2.28 1.41 0.0 1.57 0.12 0.18 0.02 0.31 0.36 0.27 1.0
11.39 6.76 2.28 1.41 0.0 1.57 0.12 0.18 0.02 0.86 0.75 0.64 1.0
11.39 7.02 2.28 1.41 0.0 1.57 0.12 0.18 0.02 0.31 0.36 0.27 1.0
11.39 7.29 2.28 1.41 0.0 1.57 0.12 0.18 0.02 0.86 0.75 0.64 1.0
11.39 7.57 2.28 1.41 0.0 1.57 0.12 0.18 0.02 0.31 0.36 0.27 1.0
11.39 7.85 2.28 1.41 0.0 1.57 0.12 0.18 0.02 0.86 0.75 0.64 1.0
11.39 8.12 2.28 1.41 0.0 1.57 0.12 0.18 0.02 0.31 0.36 0.27 1.0
11.39 8.41 2.28 1.41 0.0 1.57 0.12 0.18 0.02 0.86 0.75 0.64 1.0
11.39 8.7 2.28 1.41 0.0 1.57 0.12 0.18 0.02 0.31 0.36 0.27 1.0
5.9 6.43 5.97 0.52 -0.0 0.0 1.85 1.43 0.08 0.57 0.16 0.06 1.0
4.69 6.35 6.05 0.52 0.0 0.0 0.09 1.42 -0.05 0.35 0.06 0.03 1.0
4.19 6.35 6.05 0.52 0.0 0.0 0.09 1.42 -0.05 0.35 0.06 0.03 1.0
5.29 6.35 6.05 0.52 0.0 0.0 0.09 1.42 -0.05 0.35 0.06 0.03 1.0
5.91 6.35 6.05 0.52 0.0 0.0 0.09 1.42 -0.05 0.35 0.06 0.03 1.0
6.49 6.35 6.05 0.52 0.0 0.0 0.09 1.42 -0.05 0.35 0.06 0.03 1.0
7.06 6.35 6.05 0.52 0.0 0.0 0.09 1.42 -0.05 0.35 0.06 0.03 1.0
7.62 6.35 6.05 0.52 0.0 0.0 0.09 1.42 -0.05 0.35 0.06 0.03 1.0
4.69 8.57 6.05 -0.53 -0.0 0.0 0.09 1.42 -0.05 0.35 0.06 0.03 1.0
4.19 8.57 6.05 -0.53 -0.0 0.0 0.09 1.42 -0.05 0.35 0.06 0.03 1.0
5.29 8.57 6.05 -0.53 -0.0 0.0 0.09 1.42 -0.05 0.35 0.06 0.03 1.0
5.91 8.57 6.05 -0.53 -0.0 0.0 0.09 1.42 -0.05 0.35 0.06 0.03 1.0
6.49 8.57 6.05 -0.53 -0.0 0.0 0.09 1.42 -0.05 0.35 0.06 0.03 1.0
7.06 8.57 6.05 -0.53 -0.0 0.0 0.09 1.42 -0.05 0.35 0.06 0.03 1.0
7.62 8.57 6.05 -0.53 -0.0 0.0 0.09 1.42 -0.05 0.35 0.06 0.03 1.0
5.9 8.71 5.89 2.62 -0.0 0.0 1.85 1.22 0.07 0.57 0.16 0.06 1.0
8.69 6.43 5.52 1.57 -0.0 0.0 0.11 1.37 0.11 0.57 0.16 0.06 1.0
8.69 6.43 6.86 1.57 -0.0 0.0 0.19 0.06 0.19 0.25 0.07 0.03 1.0
8.69 7.89 5.52 1.57 -0.0 0.0 0.11 1.37 0.11 0.57 0.16 0.06 1.0
8.69 7.89 6.88 1.57 -0.0 0.0 0.19 0.06 0.19 0.25 0.07 0.03 1.0
9.81 6.09 4.45 4.71 -0.0 0.0 0.08 0.27 0.08 0.57 0.16 0.06 1.0
9.81 6.09 4.15 4.71 -0.0 0.0 0.19 0.06 0.19 0.25 0.07 0.03 1.0
9.62 6.09 4.62 4.71 1.57 0.0 0.04 0.17 0.05 0.57 0.16 0.06 1.0
9.5 7.45 5.67 0.0 -0.0 0.0 0.09 1.42 -0.05 0.35 0.06 0.03 1.0
8.64 5.89 5.68 0.0 -0.0 1.57 0.09 0.96 -0.05 0.35 0.06 0.03 1.0
7.84 6.29 6.11 0.79 -0.01 0.0 0.05 0.55 -0.02 0.35 0.06 0.03 1.0
8.24 6.29 6.11 0.79 -0.01 0.0 0.05 0.55 -0.02 0.35 0.06 0.03 1.0
9.04 6.29 6.11 0.79 -0.01 0.0 0.05 0.55 -0.02 0.35 0.06 0.03 1.0
9.43 6.29 6.11 0.79 -0.01 0.0 0.05 0.55 -0.02 0.35 0.06 0.03 1.0
7.84 7.79 6.15 0.7 -0.01 0.0 0.05 0.55 -0.02 0.35 0.06 0.03 1.0
8.24 7.79 6.15 0.7 -0.01 0.0 0.05 0.55 -0.02 0.35 0.06 0.03 1.0
9.04 7.79 6.15 0.7 -0.01 0.0 0.05 0.55 -0.02 0.35 0.06 0.03 1.0
9.43 8.66 6.15 2.27 -0.0 -0.01 0.05 0.55 -0.02 0.35 0.06 0.03 1.0
8.63 6.75 6.53 0.0 -0.0 1.57 0.04 0.87 -0.05 0.35 0.06 0.03 1.0
8.57 8.28 6.56 0.0 -0.0 1.57 0.04 0.94 -0.05 0.35 0.06 0.03 1.0
9.43 7.15 6.11 2.36 0.0 -0.01 0.05 0.55 -0.02 0.35 0.06 0.03 1.0
9.45 7.79 6.15 0.7 -0.01 0.0 0.05 0.55 -0.02 0.35 0.06 0.03 1.0
10.17 7.46 4.3 0.0 0.0 0.0 -0.42 -0.41 0.49 0.84 0.76 0.68 1.0
9.72 7.46 4.3 0.0 0.0 0.0 -0.27 -0.08 0.1 0.84 0.76 0.68 1.0
10.1 7.48 4.82 0.0 0.0 0.0 0.52 0.53 -0.04 0.28 0.1 0.08 1.0
10.1 7.48 4.86 0.0 0.0 0.0 0.29 0.29 -0.02 0.14 0.05 0.04 1.0
10.6 7.44 3.81 1.57 -0.0 0.0 0.03 0.04 0.43 0.84 0.76 0.68 1.0
10.6 7.43 4.3 0.0 0.0 0.0 0.05 0.04 0.52 0.84 0.76 0.68 1.0
10.6 7.88 4.3 0.0 0.0 0.0 0.05 0.04 0.52 0.84 0.76 0.68 1.0
10.2 7.0 4.3 0.0 0.0 0.0 0.05 0.04 0.52 0.84 0.76 0.68 1.0
9.76 7.0 4.3 0.0 0.0 0.0 0.05 0.04 0.52 0.84 0.76 0.68 1.0
10.16 6.97 3.82 1.57 -0.0 1.57 0.03 0.04 0.43 0.84 0.76 0.68 1.0
8.32 6.22 3.85 0.0 0.0 0.0 0.3 0.28 0.51 0.02 0.0 0.0 1.0
8.69 5.98 3.83 0.0 0.0 0.0 0.07 0.11 0.64 0.84 0.76 0.68 1.0
7.95 5.96 3.83 0.0 0.0 0.0 0.07 0.11 0.64 0.84 0.76 0.68 1.0
8.3 6.01 3.25 -0.0 1.57 0.0 0.07 0.11 0.64 0.84 0.76 0.68 1.0
8.3 5.9 4.43 -0.0 1.57 0.0 0.07 0.11 0.64 0.84 0.76 0.68 1.0
8.28 6.02 3.83 0.0 0.0 0.0 0.02 0.11 0.64 0.84 0.76 0.68 1.0
8.28 6.03 4.09 -0.0 1.57 0.0 0.02 0.11 0.33 0.84 0.76 0.68 1.0
8.28 6.03 3.78 -0.0 1.57 0.0 0.02 0.11 0.33 0.84 0.76 0.68 1.0
8.28 6.03 3.51 -0.0 1.57 0.0 0.02 0.11 0.33 0.84 0.76 0.68 1.0
8.3 5.9 4.56 -0.0 1.57 0.0 0.03 0.05 0.43 0.84 0.76 0.68 1.0
5.31 6.18 4.13 0.0 0.0 0.0 0.26 0.24 0.44 0.02 0.0 0.0 1.0
6.02 6.18 4.13 0.0 0.0 0.0 0.26 0.24 0.44 0.02 0.0 0.0 1.0
6.72 6.18 4.13 0.0 0.0 0.0 0.26 0.24 0.44 0.02 0.0 0.0 1.0
5.89 5.96 3.13 0.0 0.0 0.0 1.23 0.53 -0.04 0.28 0.1 0.08 1.0
6.0 5.96 3.63 0.0 0.0 0.0 1.16 0.33 -0.02 0.28 0.1 0.08 1.0
5.67 5.96 3.25 -0.0 1.57 0.0 0.34 0.05 -0.04 0.28 0.1 0.08 1.0
6.11 5.96 3.25 -0.0 1.57 0.0 0.34 0.05 -0.04 0.28 0.1 0.08 1.0
5.29 5.96 3.25 -0.0 1.57 0.0 0.34 0.05 -0.04 0.28 0.1 0.08 1.0
6.54 5.96 3.25 -0.0 1.57 0.0 0.34 0.05 -0.04 0.28 0.1 0.08 1.0
5.01 5.95 4.16 0.0 0.0 0.0 0.04 0.03 0.48 0.84 0.76 0.68 1.0
5.6 5.95 4.16 0.0 0.0 0.0 0.04 0.03 0.48 0.84 0.76 0.68 1.0
5.76 5.95 4.16 0.0 0.0 0.0 0.04 0.03 0.48 0.84 0.76 0.68 1.0
6.28 5.95 4.16 0.0 0.0 0.0 0.04 0.03 0.48 0.84 0.76 0.68 1.0
6.43 5.95 4.16 0.0 0.0 0.0 0.04 0.03 0.48 0.84 0.76 0.68 1.0
7.0 5.95 4.16 0.0 0.0 0.0 0.04 0.03 0.48 0.84 0.76 0.68 1.0
6.72 5.93 4.16 -0.0 1.57 0.0 0.04 0.03 0.31 0.84 0.76 0.68 1.0
6.02 5.92 4.16 -0.0 1.57 0.0 0.04 0.03 0.31 0.84 0.76 0.68 1.0
5.31 5.94 4.16 -0.0 1.57 0.0 0.04 0.03 0.31 0.84 0.76 0.68 1.0
5.31 5.95 4.16 0.0 0.0 0.0 0.04 0.03 0.48 0.84 0.76 0.68 1.0
6.01 5.95 4.16 0.0 0.0 0.0 0.04 0.03 0.48 0.84 0.76 0.68 1.0
6.71 5.95 4.16 0.0 0.0 0.0 0.04 0.03 0.48 0.84 0.76 0.68 1.0
8.26 -18.92 0.31 0.0 0.0 0.0 0.25 0.53 -0.0 0.51 0.33 0.23 1.0
8.9 -19.4 0.31 0.0 0.0 0.0 0.25 0.53 -0.0 0.51 0.33 0.23 1.0
8.26 -20.09 0.31 0.0 0.0 0.0 0.25 0.53 -0.0 0.51 0.33 0.23 1.0
8.9 -20.56 0.31 0.0 0.0 0.0 0.25 0.53 -0.0 0.51 0.33 0.23 1.0
8.26 -21.32 0.31 0.0 0.0 0.0 0.25 0.53 -0.0 0.51 0.33 0.23 1.0
8.26 -22.48 0.31 0.0 0.0 0.0 0.25 0.53 -0.0 0.51 0.33 0.23 1.0
8.9 -22.95 0.31 0.0 0.0 0.0 0.25 0.53 -0.0 0.51 0.33 0.23 1.0
8.26 -23.71 0.31 0.0 0.0 0.0 0.25 0.53 -0.0 0.51 0.33 0.23 1.0
8.9 -21.79 0.31 0.0 0.0 0.0 0.25 0.53 -0.0 0.51 0.33 0.23 1.0
8.9 -24.18 0.31 0.0 0.0 0.0 0.25 0.53 -0.0 0.51 0.33 0.23 1.0
8.9 -18.49 0.31 0.0 0.0 0.0 0.25 0.29 -0.0 0.51 0.33 0.23 1.0
8.26 -24.88 0.31 0.0 0.0 0.0 0.25 0.53 -0.0 0.51 0.33 0.23 1.0
8.9 -25.36 0.31 0.0 0.0 0.0 0.25 0.53 -0.0 0.51 0.33 0.23 1.0
8.26 -26.11 0.31 0.0 0.0 0.0 0.25 0.53 -0.0 0.51 0.33 0.23 1.0
8.9 -26.59 0.31 0.0 0.0 0.0 0.25 0.53 -0.0 0.51 0.33 0.23 1.0
8.26 -27.32 0.31 0.0 0.0 0.0 0.25 0.53 -0.0 0.51 0.33 0.23 1.0
8.9 -27.79 0.31 0.0 0.0 0.0 0.25 0.53 -0.0 0.51 0.33 0.23 1.0
8.26 -28.55 0.31 0.0 0.0 0.0 0.25 0.53 -0.0 0.51 0.33 0.23 1.0
8.9 -29.02 0.31 0.0 0.0 0.0 0.25 0.53 -0.0 0.51 0.33 0.23 1.0
8.26 -29.74 0.31 0.0 0.0 0.0 0.25 0.53 -0.0 0.51 0.33 0.23 1.0
8.9 -30.22 0.31 0.0 0.0 0.0 0.25 0.53 -0.0 0.51 0.33 0.23 1.0
8.26 -30.98 0.31 0.0 0.0 0.0 0.25 0.53 -0.0 0.51 0.33 0.23 1.0
4.56 4.72 0.59 -0.42 -0.0 -0.48 0.2 0.03 0.3 0.02 0.0 0.0 1.0
4.58 4.75 0.57 -0.42 -0.0 -0.48 0.26 0.03 0.37 0.67 0.28 0.14 1.0
4.27 4.7 0.07 -0.42 -0.0 -0.48 -0.03 0.03 0.37 0.67 0.28 0.14 1.0
4.68 4.46 0.07 -0.42 -0.0 -0.48 -0.03 0.03 0.37 0.67 0.28 0.14 1.0
4.64 4.81 0.31 0.05 -0.0 -0.48 -0.03 0.03 0.37 0.67 0.28 0.14 1.0
6.09 4.75 0.35 1.57 -0.0 0.0 0.8 0.03 0.29 0.67 0.28 0.14 1.0
5.4 4.55 0.18 1.57 -0.0 0.0 0.03 0.17 -0.03 0.67 0.28 0.14 1.0
5.4 4.96 0.18 1.57 -0.0 0.0 0.03 0.17 -0.03 0.67 0.28 0.14 1.0
6.8 4.55 0.18 1.57 -0.0 0.0 0.03 0.17 -0.03 0.67 0.28 0.14 1.0
6.8 4.96 0.18 1.57 -0.0 0.0 0.03 0.17 -0.03 0.67 0.28 0.14 1.0
11.29 7.69 0.35 1.57 -0.0 0.0 0.8 0.03 0.29 0.67 0.28 0.14 1.0
10.59 7.49 0.18 1.57 -0.0 0.0 0.03 0.17 -0.03 0.67 0.28 0.14 1.0
10.59 7.91 0.18 1.57 -0.0 0.0 0.03 0.17 -0.03 0.67 0.28 0.14 1.0
11.99 7.49 0.18 1.57 -0.0 0.0 0.03 0.17 -0.03 0.67 0.28 0.14 1.0
11.99 7.91 0.18 1.57 -0.0 0.0 0.03 0.17 -0.03 0.67 0.28 0.14 1.0
11.29 6.93 0.35 1.57 -0.0 0.0 0.8 0.03 0.29 0.67 0.28 0.14 1.0
10.59 6.73 0.18 1.57 -0.0 0.0 0.03 0.17 -0.03 0.67 0.28 0.14 1.0
10.59 7.15 0.18 1.57 -0.0 0.0 0.03 0.17 -0.03 0.67 0.28 0.14 1.0
11.99 6.73 0.18 1.57 -0.0 0.0 0.03 0.17 -0.03 0.67 0.28 0.14 1.0
11.99 7.15 0.18 1.57 -0.0 0.0 0.03 0.17 -0.03 0.67 0.28 0.14 1.0
4.93 5.67 3.25 0.0 0.0 0.0 0.11 0.11 0.11 0.64 0.25 0.13 1.0
5.18 5.67 3.25 0.0 0.0 0.0 0.11 0.11 0.11 0.37 0.06 0.02 1.0
5.45 5.67 3.25 0.0 0.0 0.0 0.11 0.11 0.11 0.37 0.06 0.02 1.0
5.77 5.67 3.25 0.0 0.0 0.0 0.11 0.11 0.11 0.64 0.25 0.13 1.0
6.18 5.67 3.25 0.0 0.0 0.0 0.11 0.11 0.11 0.37 0.06 0.02 1.0
6.86 5.67 3.25 0.0 0.0 0.0 0.11 0.11 0.11 0.64 0.25 0.13 1.0
6.47 5.67 3.25 0.0 0.0 0.0 0.11 0.11 0.11 0.19 0.05 0.04 1.0
4.62 5.53 0.98 0.0 0.0 0.0 0.05 0.13 0.22 0.64 0.25 0.13 1.0
4.76 5.53 0.98 0.0 0.0 0.0 0.05 0.13 0.22 0.19 0.05 0.04 1.0
4.9 5.53 0.98 0.0 0.0 0.0 0.05 0.13 0.22 0.64 0.25 0.13 1.0
5.02 5.53 0.98 0.0 0.0 0.0 0.05 0.13 0.22 0.37 0.06 0.02 1.0
5.28 5.53 0.98 0.0 0.0 0.0 0.05 0.13 0.22 0.64 0.25 0.13 1.0
5.42 5.53 0.98 0.0 0.0 0.0 0.05 0.13 0.22 0.19 0.05 0.04 1.0
5.56 5.53 0.98 0.0 0.0 0.0 0.05 0.13 0.22 0.37 0.06 0.02 1.0
5.69 5.53 0.98 0.0 0.0 0.0 0.05 0.13 0.22 0.64 0.25 0.13 1.0
5.92 5.53 0.98 0.0 0.0 0.0 0.05 0.13 0.22 0.64 0.25 0.13 1.0
6.06 5.53 0.98 0.0 0.0 0.0 0.05 0.13 0.22 0.19 0.05 0.04 1.0
7.01 5.53 0.98 0.0 0.0 0.0 0.05 0.13 0.22 0.64 0.25 0.13 1.0
7.15 5.53 0.98 0.0 0.0 0.0 0.05 0.13 0.22 0.19 0.05 0.04 1.0
6.73 5.53 0.98 0.0 0.0 0.0 0.05 0.13 0.22 0.37 0.06 0.02 1.0
6.86 5.53 0.98 0.0 0.0 0.0 0.05 0.13 0.22 0.37 0.06 0.02 1.0
11.68 8.43 0.26 1.57 -0.0 1.92 0.11 0.02 0.13 0.67 0.28 0.14 1.0
11.75 8.57 0.26 -0.35 1.57 0.0 0.29 0.01 -0.02 0.67 0.28 0.14 1.0
11.68 8.55 0.26 -0.35 1.57 0.0 0.29 0.01 -0.02 0.67 0.28 0.14 1.0
11.62 8.53 0.26 -0.35 1.57 0.0 0.29 0.01 -0.02 0.67 0.28 0.14 1.0
11.54 8.5 0.26 -0.35 1.57 0.0 0.29 0.01 -0.02 0.67 0.28 0.14 1.0
11.64 8.53 0.51 3.14 -0.0 3.49 0.18 0.01 -0.02 0.67 0.28 0.14 1.0
11.81 8.41 0.17 -0.35 1.57 0.0 0.1 0.01 -0.02 0.67 0.28 0.14 1.0
11.62 8.34 0.17 -0.35 1.57 0.0 0.1 0.01 -0.02 0.67 0.28 0.14 1.0
12.3 7.68 0.26 1.57 -0.0 0.17 0.11 0.02 0.13 0.67 0.28 0.14 1.0
12.43 7.58 0.26 1.4 1.57 0.0 0.29 0.01 -0.02 0.67 0.28 0.14 1.0
12.42 7.66 0.26 1.4 1.57 0.0 0.29 0.01 -0.02 0.67 0.28 0.14 1.0
12.4 7.73 0.26 1.4 1.57 0.0 0.29 0.01 -0.02 0.67 0.28 0.14 1.0
12.39 7.8 0.26 1.4 1.57 0.0 0.29 0.01 -0.02 0.67 0.28 0.14 1.0
12.41 7.7 0.51 3.14 -0.0 1.75 0.18 0.01 -0.02 0.67 0.28 0.14 1.0
12.25 7.55 0.17 1.4 1.57 0.0 0.1 0.01 -0.02 0.67 0.28 0.14 1.0
12.22 7.76 0.17 1.4 1.57 0.0 0.1 0.01 -0.02 0.67 0.28 0.14 1.0
10.95 6.35 0.26 1.57 -0.0 -1.57 0.11 0.02 0.13 0.67 0.28 0.14 1.0
10.84 6.24 0.26 3.14 1.57 0.0 0.29 0.01 -0.02 0.67 0.28 0.14 1.0
10.91 6.24 0.26 3.14 1.57 0.0 0.29 0.01 -0.02 0.67 0.28 0.14 1.0
10.98 6.24 0.26 3.14 1.57 0.0 0.29 0.01 -0.02 0.67 0.28 0.14 1.0
11.06 6.24 0.26 3.14 1.57 0.0 0.29 0.01 -0.02 0.67 0.28 0.14 1.0
10.95 6.24 0.51 3.14 -0.0 -0.0 0.18 0.01 -0.02 0.67 0.28 0.14 1.0
10.84 6.42 0.17 3.14 1.57 0.0 0.1 0.01 -0.02 0.67 0.28 0.14 1.0
11.04 6.42 0.17 3.14 1.57 0.0 0.1 0.01 -0.02 0.67 0.28 0.14 1.0
11.84 6.21 0.26 1.57 -0.0 -2.18 0.11 0.02 0.13 0.67 0.28 0.14 1.0
11.68 6.19 0.26 3.75 1.57 0.0 0.29 0.01 -0.02 0.67 0.28 0.14 1.0
11.74 6.15 0.26 3.75 1.57 0.0 0.29 0.01 -0.02 0.67 0.28 0.14 1.0
11.8 6.11 0.26 3.75 1.57 0.0 0.29 0.01 -0.02 0.67 0.28 0.14 1.0
11.87 6.06 0.26 3.75 1.57 0.0 0.29 0.01 -0.02 0.67 0.28 0.14 1.0
11.78 6.12 0.51 3.14 -0.0 -0.61 0.18 0.01 -0.02 0.67 0.28 0.14 1.0
11.79 6.33 0.17 3.75 1.57 0.0 0.1 0.01 -0.02 0.67 0.28 0.14 1.0
11.95 6.22 0.17 3.75 1.57 0.0 0.1 0.01 -0.02 0.67 0.28 0.14 1.0
10.79 8.29 0.26 1.57 -0.0 1.22 0.11 0.02 0.13 0.67 0.28 0.14 1.0
10.94 8.36 0.26 0.35 1.57 0.0 0.29 0.01 -0.02 0.67 0.28 0.14 1.0
10.87 8.38 0.26 0.35 1.57 0.0 0.29 0.01 -0.02 0.67 0.28 0.14 1.0
10.8 8.41 0.26 0.35 1.57 0.0 0.29 0.01 -0.02 0.67 0.28 0.14 1.0
10.73 8.44 0.26 0.35 1.57 0.0 0.29 0.01 -0.02 0.67 0.28 0.14 1.0
10.83 8.4 0.51 3.14 -0.0 2.79 0.18 0.01 -0.02 0.67 0.28 0.14 1.0
10.88 8.19 0.17 0.35 1.57 0.0 0.1 0.01 -0.02 0.67 0.28 0.14 1.0
10.68 8.26 0.17 0.35 1.57 0.0 0.1 0.01 -0.02 0.67 0.28 0.14 1.0
12.3 6.91 0.26 1.57 -0.0 -0.17 0.11 0.02 0.13 0.67 0.28 0.14 1.0
12.39 6.77 0.26 1.75 1.57 0.0 0.29 0.01 -0.02 0.67 0.28 0.14 1.0
12.4 6.85 0.26 1.75 1.57 0.0 0.29 0.01 -0.02 0.67 0.28 0.14 1.0
12.41 6.91 0.26 1.75 1.57 0.0 0.29 0.01 -0.02 0.67 0.28 0.14 1.0
12.43 6.99 0.26 1.75 1.57 0.0 0.29 0.01 -0.02 0.67 0.28 0.14 1.0
12.41 6.89 0.51 3.14 -0.0 1.4 0.18 0.01 -0.02 0.67 0.28 0.14 1.0
12.21 6.8 0.17 1.75 1.57 0.0 0.1 0.01 -0.02 0.67 0.28 0.14 1.0
12.25 7.01 0.17 1.75 1.57 0.0 0.1 0.01 -0.02 0.67 0.28 0.14 1.0
11.27 10.24 0.97 0.0 0.0 0.0 0.08 0.08 -1.22 0.08 0.03 0.02 1.0
10.58 10.43 2.26 0.0 0.0 0.0 0.63 0.87 0.87 0.25 0.29 0.26 1.0
11.46 10.43 3.0 0.0 0.0 0.0 0.55 0.55 0.55 0.25 0.29 0.26 1.0
10.58 11.17 3.3 0.0 0.0 0.0 0.71 0.71 0.71 0.25 0.29 0.26 1.0
12.07 10.87 2.4 0.0 0.0 0.0 0.25 0.25 0.25 0.25 0.29 0.26 1.0
6.28 -1.61 0.97 0.0 0.0 0.0 0.08 0.08 -1.22 0.08 0.03 0.02 1.0
5.59 -1.42 2.26 0.0 0.0 0.0 0.63 0.87 0.87 0.25 0.29 0.26 1.0
6.47 -1.42 3.0 0.0 0.0 0.0 0.55 0.55 0.55 0.25 0.29 0.26 1.0
5.59 -0.68 3.3 0.0 0.0 0.0 0.71 0.71 0.71 0.25 0.29 0.26 1.0
7.08 -0.98 2.4 0.0 0.0 0.0 0.25 0.25 0.25 0.25 0.29 0.26 1.0
13.26 11.3 0.35 0.0 -0.0 -0.7 0.07 0.07 -1.06 0.08 0.03 0.02 1.0
12.9 11.82 1.47 0.0 -0.0 -0.7 0.55 0.76 0.76 0.25 0.29 0.26 1.0
12.97 10.85 2.12 0.0 -0.0 -0.7 0.48 0.48 0.48 0.25 0.29 0.26 1.0
13.32 12.31 2.37 0.0 -0.0 -0.7 0.21 0.21 0.21 0.25 0.29 0.26 1.0
14.14 11.28 1.6 0.0 -0.0 -0.7 0.22 0.22 0.22 0.25 0.29 0.26 1.0
12.9 11.42 2.41 0.0 -0.0 -0.7 0.55 0.76 0.76 0.25 0.29 0.26 1.0
6.73 -4.73 0.35 0.0 -0.0 -4.79 0.07 0.07 -1.06 0.08 0.03 0.02 1.0
6.52 -5.32 1.47 0.0 -0.0 -4.79 0.43 0.59 0.59 0.25 0.29 0.26 1.0
6.23 -5.69 1.91 0.0 -0.0 -4.79 0.48 0.48 0.48 0.25 0.29 0.26 1.0
5.87 -5.27 2.37 0.0 -0.0 -4.79 0.21 0.21 0.21 0.25 0.29 0.26 1.0
6.23 -4.0 1.6 0.0 -0.0 -4.79 0.22 0.22 0.22 0.25 0.29 0.26 1.0
6.84 -5.09 1.95 0.0 -0.0 -4.79 0.55 0.76 0.38 0.25 0.29 0.26 1.0
6.78 0.53 1.4 0.0 0.0 0.0 0.05 0.05 1.48 0.42 0.25 0.25 1.0
6.99 0.53 2.82 0.0 0.0 0.0 0.22 0.04 -0.03 0.28 0.14 0.1 1.0
7.15 0.53 2.67 0.0 0.0 0.0 0.04 0.04 -0.14 0.91 0.78 0.57 1.0
6.78 -6.56 0.0 0.0 0.0 0.0 0.17 0.17 0.15 0.42 0.25 0.25 1.0
6.78 -2.94 1.4 0.0 0.0 0.0 0.05 0.05 1.48 0.42 0.25 0.25 1.0
6.99 -2.94 2.82 0.0 0.0 0.0 0.22 0.04 -0.03 0.28 0.14 0.1 1.0
7.15 -2.94 2.67 0.0 0.0 0.0 0.04 0.04 -0.14 0.91 0.78 0.57 1.0
6.78 -2.93 0.0 0.0 0.0 0.0 0.17 0.17 0.15 0.23 0.14 0.14 1.0
6.78 -6.59 1.4 0.0 0.0 0.0 0.05 0.05 1.48 0.42 0.25 0.25 1.0
6.99 -6.58 2.82 0.0 0.0 0.0 0.22 0.04 -0.03 0.28 0.14 0.1 1.0
7.15 -6.58 2.67 0.0 0.0 0.0 0.04 0.04 -0.14 0.91 0.78 0.57 1.0
6.78 0.53 0.0 0.0 0.0 0.0 0.17 0.17 0.15 0.23 0.14 0.14 1.0
0.65 -6.65 1.65 0.0 0.0 0.0 1.74 0.95 0.95 0.84 0.76 0.68 1.0
0.65 -7.61 1.55 0.0 0.0 0.0 1.61 0.1 0.91 0.28 0.1 0.08 1.0
0.65 -6.65 3.56 0.0 0.0 0.0 1.74 0.95 0.95 0.84 0.76 0.68 1.0
0.64 -7.38 2.49 0.0 0.0 0.0 1.61 0.42 -0.03 0.28 0.1 0.08 1.0
1.84 -6.58 4.16 0.7 -0.0 0.0 0.54 0.88 0.35 0.84 0.76 0.68 1.0
1.65 -7.66 2.27 0.0 0.0 0.0 0.53 0.03 0.13 0.02 0.0 0.0 1.0
-0.29 -7.62 3.8 -0.0 1.57 0.0 0.03 0.02 0.2 0.84 0.76 0.68 1.0
0.16 -7.62 3.8 -0.0 1.57 0.0 0.03 0.02 0.2 0.84 0.76 0.68 1.0
0.61 -7.62 3.8 -0.0 1.57 0.0 0.03 0.02 0.2 0.84 0.76 0.68 1.0
1.84 -6.74 4.08 2.34 -0.0 0.0 0.54 0.88 0.35 0.84 0.76 0.68 1.0
0.08 -7.62 1.27 0.0 0.0 0.0 0.97 0.42 -0.03 0.28 0.1 0.08 1.0
2.82 -6.36 3.56 1.57 -0.0 1.57 0.02 0.03 0.28 0.84 0.76 0.68 1.0
1.75 -22.71 1.0 0.0 0.0 0.0 0.49 0.22 -0.0 0.15 0.15 0.07 1.0
1.03 -7.74 1.57 -1.57 1.57 0.0 0.92 0.06 -0.03 0.28 0.1 0.08 1.0
1.43 -7.71 1.45 0.0 0.0 0.0 0.26 0.03 0.65 0.02 0.0 0.0 1.0
1.43 -7.75 1.04 0.0 0.0 0.0 0.26 0.02 0.18 0.28 0.08 0.07 1.0
1.43 -7.75 2.04 0.0 0.0 0.0 0.26 0.02 0.04 0.28 0.08 0.07 1.0
1.23 -7.74 1.59 -0.0 1.57 0.0 0.47 0.02 0.02 0.28 0.08 0.07 1.0
1.34 -7.74 1.59 -0.0 1.57 0.0 0.47 0.02 0.02 0.28 0.08 0.07 1.0
1.48 -7.74 1.59 -0.0 1.57 0.0 0.47 0.02 0.02 0.28 0.08 0.07 1.0
1.64 -7.74 1.59 -0.0 1.57 0.0 0.47 0.02 0.02 0.28 0.08 0.07 1.0
1.43 -7.75 1.58 0.0 0.0 0.0 0.26 0.02 0.04 0.28 0.08 0.07 1.0
1.43 -7.78 1.04 0.0 0.0 0.0 0.18 0.01 0.12 0.16 0.03 0.02 1.0
3.08 -6.66 3.58 0.0 -0.0 1.57 0.22 0.03 0.28 0.02 0.0 0.0 1.0
2.83 -6.93 3.57 0.0 -0.0 3.14 0.22 0.03 0.28 0.02 0.0 0.0 1.0
2.83 -6.39 3.57 0.0 -0.0 3.14 0.22 0.03 0.28 0.02 0.0 0.0 1.0
1.68 -7.71 2.23 0.0 0.0 0.0 0.53 0.03 0.13 0.02 0.0 0.0 1.0
1.98 -7.71 1.45 0.0 0.0 0.0 0.26 0.03 0.65 0.02 0.0 0.0 1.0
1.98 -7.75 1.04 0.0 0.0 0.0 0.26 0.02 0.18 0.28 0.08 0.07 1.0
1.98 -7.75 2.04 0.0 0.0 0.0 0.26 0.02 0.04 0.28 0.08 0.07 1.0
1.77 -7.73 1.59 -0.0 1.57 0.0 0.47 0.02 0.02 0.28 0.08 0.07 1.0
1.89 -7.73 1.59 -0.0 1.57 0.0 0.47 0.02 0.02 0.28 0.08 0.07 1.0
2.03 -7.73 1.59 -0.0 1.57 0.0 0.47 0.02 0.02 0.28 0.08 0.07 1.0
2.19 -7.73 1.59 -0.0 1.57 0.0 0.47 0.02 0.02 0.28 0.08 0.07 1.0
1.98 -7.75 1.58 0.0 0.0 0.0 0.26 0.02 0.04 0.28 0.08 0.07 1.0
1.98 -7.77 1.04 0.0 0.0 0.0 0.18 0.01 0.12 0.16 0.03 0.02 1.0
-0.72 -8.11 2.29 0.24 -0.0 0.0 0.08 0.49 0.01 0.86 0.75 0.64 1.0
-0.54 -8.11 2.29 0.24 -0.0 0.0 0.08 0.49 0.01 0.31 0.36 0.27 1.0
-0.35 -8.11 2.29 0.24 -0.0 0.0 0.08 0.49 0.01 0.86 0.75 0.64 1.0
-0.19 -8.11 2.29 0.24 -0.0 0.0 0.08 0.49 0.01 0.31 0.36 0.27 1.0
-0.02 -8.11 2.29 0.24 -0.0 0.0 0.08 0.49 0.01 0.86 0.75 0.64 1.0
0.16 -8.11 2.29 0.24 -0.0 0.0 0.08 0.49 0.01 0.31 0.36 0.27 1.0
0.34 -8.11 2.29 0.24 -0.0 0.0 0.08 0.49 0.01 0.86 0.75 0.64 1.0
0.52 -8.11 2.29 0.24 -0.0 0.0 0.08 0.49 0.01 0.31 0.36 0.27 1.0
0.7 -8.11 2.29 0.24 -0.0 0.0 0.08 0.49 0.01 0.86 0.75 0.64 1.0
0.89 -8.11 2.29 0.24 -0.0 0.0 0.08 0.49 0.01 0.31 0.36 0.27 1.0
-0.72 -8.59 2.06 1.6 -0.0 0.0 0.08 0.12 0.01 0.86 0.75 0.64 1.0
-0.54 -8.59 2.06 1.6 -0.0 0.0 0.08 0.12 0.01 0.31 0.36 0.27 1.0
-0.35 -8.59 2.06 1.6 -0.0 0.0 0.08 0.12 0.01 0.86 0.75 0.64 1.0
-0.19 -8.59 2.06 1.6 -0.0 0.0 0.08 0.12 0.01 0.31 0.36 0.27 1.0
-0.02 -8.59 2.06 1.6 -0.0 0.0 0.08 0.12 0.01 0.86 0.75 0.64 1.0
0.16 -8.59 2.06 1.6 -0.0 0.0 0.08 0.12 0.01 0.31 0.36 0.27 1.0
0.34 -8.59 2.06 1.6 -0.0 0.0 0.08 0.12 0.01 0.86 0.75 0.64 1.0
0.52 -8.59 2.06 1.6 -0.0 0.0 0.08 0.12 0.01 0.31 0.36 0.27 1.0
0.7 -8.59 2.06 1.6 -0.0 0.0 0.08 0.12 0.01 0.86 0.75 0.64 1.0
0.89 -8.59 2.06 1.6 -0.0 0.0 0.08 0.12 0.01 0.31 0.36 0.27 1.0
2.83 -7.25 1.45 0.0 0.65 0.0 0.03 0.02 1.11 0.25 0.06 0.07 1.0
2.83 -5.97 1.45 0.0 0.65 0.0 0.03 0.02 1.11 0.25 0.06 0.07 1.0
2.93 -5.97 0.76 -0.0 2.22 -0.0 0.02 0.02 0.52 0.25 0.06 0.07 1.0
2.93 -7.27 0.76 -0.0 2.22 -0.0 0.02 0.02 0.52 0.25 0.06 0.07 1.0
2.94 -7.47 2.4 0.05 0.0 1.57 0.08 0.62 0.01 0.86 0.75 0.64 1.0
2.94 -7.29 2.4 0.05 0.0 1.57 0.08 0.62 0.01 0.31 0.36 0.27 1.0
2.94 -7.1 2.4 0.05 0.0 1.57 0.08 0.62 0.01 0.86 0.75 0.64 1.0
2.94 -6.93 2.4 0.05 0.0 1.57 0.08 0.62 0.01 0.31 0.36 0.27 1.0
2.94 -6.76 2.4 0.05 0.0 1.57 0.08 0.62 0.01 0.86 0.75 0.64 1.0
2.94 -6.58 2.4 0.05 0.0 1.57 0.08 0.62 0.01 0.31 0.36 0.27 1.0
2.94 -6.4 2.4 0.05 0.0 1.57 0.08 0.62 0.01 0.86 0.75 0.64 1.0
2.94 -6.23 2.4 0.05 0.0 1.57 0.08 0.62 0.01 0.31 0.36 0.27 1.0
2.94 -6.04 2.4 0.05 0.0 1.57 0.08 0.62 0.01 0.86 0.75 0.64 1.0
2.94 -5.86 2.4 0.05 0.0 1.57 0.08 0.62 0.01 0.31 0.36 0.27 1.0
3.6 -7.47 2.27 1.41 0.0 1.57 0.08 0.12 0.01 0.86 0.75 0.64 1.0
3.6 -7.29 2.27 1.41 0.0 1.57 0.08 0.12 0.01 0.31 0.36 0.27 1.0
3.6 -7.1 2.27 1.41 0.0 1.57 0.08 0.12 0.01 0.86 0.75 0.64 1.0
3.6 -6.93 2.27 1.41 0.0 1.57 0.08 0.12 0.01 0.31 0.36 0.27 1.0
3.6 -6.76 2.27 1.41 0.0 1.57 0.08 0.12 0.01 0.86 0.75 0.64 1.0
3.6 -6.58 2.27 1.41 0.0 1.57 0.08 0.12 0.01 0.31 0.36 0.27 1.0
3.6 -6.4 2.27 1.41 0.0 1.57 0.08 0.12 0.01 0.86 0.75 0.64 1.0
3.6 -6.23 2.27 1.41 0.0 1.57 0.08 0.12 0.01 0.31 0.36 0.27 1.0
3.6 -6.04 2.27 1.41 0.0 1.57 0.08 0.12 0.01 0.86 0.75 0.64 1.0
3.6 -5.86 2.27 1.41 0.0 1.57 0.08 0.12 0.01 0.31 0.36 0.27 1.0
0.09 -7.31 4.63 0.52 -0.0 0.0 1.18 0.92 0.05 0.57 0.16 0.06 1.0
-0.69 -7.36 4.68 0.52 0.0 0.0 0.06 0.91 -0.03 0.35 0.06 0.03 1.0
-1.01 -7.36 4.68 0.52 0.0 0.0 0.06 0.91 -0.03 0.35 0.06 0.03 1.0
-0.3 -7.36 4.68 0.52 0.0 0.0 0.06 0.91 -0.03 0.35 0.06 0.03 1.0
0.09 -7.36 4.68 0.52 0.0 0.0 0.06 0.91 -0.03 0.35 0.06 0.03 1.0
0.46 -7.36 4.68 0.52 0.0 0.0 0.06 0.91 -0.03 0.35 0.06 0.03 1.0
0.83 -7.36 4.68 0.52 0.0 0.0 0.06 0.91 -0.03 0.35 0.06 0.03 1.0
1.19 -7.36 4.68 0.52 0.0 0.0 0.06 0.91 -0.03 0.35 0.06 0.03 1.0
-0.69 -5.94 4.68 -0.53 -0.0 0.0 0.06 0.91 -0.03 0.35 0.06 0.03 1.0
-1.01 -5.94 4.68 -0.53 -0.0 0.0 0.06 0.91 -0.03 0.35 0.06 0.03 1.0
-0.3 -5.94 4.68 -0.53 -0.0 0.0 0.06 0.91 -0.03 0.35 0.06 0.03 1.0
0.09 -5.94 4.68 -0.53 -0.0 0.0 0.06 0.91 -0.03 0.35 0.06 0.03 1.0
0.46 -5.94 4.68 -0.53 -0.0 0.0 0.06 0.91 -0.03 0.35 0.06 0.03 1.0
0.83 -5.94 4.68 -0.53 -0.0 0.0 0.06 0.91 -0.03 0.35 0.06 0.03 1.0
1.19 -5.94 4.68 -0.53 -0.0 0.0 0.06 0.91 -0.03 0.35 0.06 0.03 1.0
0.09 -5.85 4.58 2.62 -0.0 0.0 1.18 0.78 0.04 0.57 0.16 0.06 1.0
1.87 -7.31 4.34 1.57 -0.0 0.0 0.07 0.88 0.07 0.57 0.16 0.06 1.0
1.87 -7.31 5.2 1.57 -0.0 0.0 0.12 0.04 0.12 0.25 0.07 0.03 1.0
1.87 -6.38 4.34 1.57 -0.0 0.0 0.07 0.88 0.07 0.57 0.16 0.06 1.0
1.87 -6.38 5.21 1.57 -0.0 0.0 0.12 0.04 0.12 0.25 0.07 0.03 1.0
2.59 -7.53 3.66 4.71 -0.0 0.0 0.05 0.17 0.05 0.57 0.16 0.06 1.0
2.59 -7.53 3.46 4.71 -0.0 0.0 0.12 0.04 0.12 0.25 0.07 0.03 1.0
2.47 -7.53 3.76 4.71 1.57 0.0 0.03 0.11 0.03 0.57 0.16 0.06 1.0
2.39 -6.66 4.44 0.0 -0.0 0.0 0.06 0.91 -0.03 0.35 0.06 0.03 1.0
1.84 -7.66 4.44 0.0 -0.0 1.57 0.06 0.61 -0.03 0.35 0.06 0.03 1.0
1.33 -7.4 4.72 0.79 -0.01 0.0 0.03 0.35 -0.01 0.35 0.06 0.03 1.0
1.59 -7.4 4.72 0.79 -0.01 0.0 0.03 0.35 -0.01 0.35 0.06 0.03 1.0
2.1 -7.4 4.72 0.79 -0.01 0.0 0.03 0.35 -0.01 0.35 0.06 0.03 1.0
2.35 -7.4 4.72 0.79 -0.01 0.0 0.03 0.35 -0.01 0.35 0.06 0.03 1.0
1.33 -6.44 4.74 0.7 -0.01 0.0 0.03 0.35 -0.01 0.35 0.06 0.03 1.0
1.59 -6.44 4.74 0.7 -0.01 0.0 0.03 0.35 -0.01 0.35 0.06 0.03 1.0
2.1 -6.44 4.74 0.7 -0.01 0.0 0.03 0.35 -0.01 0.35 0.06 0.03 1.0
2.35 -5.88 4.74 2.27 -0.0 -0.01 0.03 0.35 -0.01 0.35 0.06 0.03 1.0
1.84 -7.11 4.99 0.0 -0.0 1.57 0.03 0.56 -0.03 0.35 0.06 0.03 1.0
1.8 -6.13 5.01 0.0 -0.0 1.57 0.03 0.6 -0.03 0.35 0.06 0.03 1.0
2.35 -6.85 4.72 2.36 0.0 -0.01 0.03 0.35 -0.01 0.35 0.06 0.03 1.0
2.36 -6.44 4.74 0.7 -0.01 0.0 0.03 0.35 -0.01 0.35 0.06 0.03 1.0
2.82 -6.65 3.56 0.0 0.0 0.0 -0.27 -0.26 0.31 0.84 0.76 0.68 1.0
2.53 -6.65 3.56 0.0 0.0 0.0 -0.17 -0.05 0.06 0.84 0.76 0.68 1.0
2.78 -6.64 3.89 0.0 0.0 0.0 0.33 0.34 -0.03 0.28 0.1 0.08 1.0
2.78 -6.64 3.92 0.0 0.0 0.0 0.19 0.19 -0.01 0.14 0.05 0.04 1.0
3.1 -6.66 3.25 1.57 -0.0 0.0 0.02 0.03 0.28 0.84 0.76 0.68 1.0
3.1 -6.67 3.56 0.0 0.0 0.0 0.03 0.03 0.33 0.84 0.76 0.68 1.0
3.1 -6.38 3.56 0.0 0.0 0.0 0.03 0.03 0.33 0.84 0.76 0.68 1.0
2.84 -6.95 3.56 0.0 0.0 0.0 0.03 0.03 0.33 0.84 0.76 0.68 1.0
2.56 -6.95 3.56 0.0 0.0 0.0 0.03 0.03 0.33 0.84 0.76 0.68 1.0
2.82 -6.97 3.25 1.57 -0.0 1.57 0.02 0.03 0.28 0.84 0.76 0.68 1.0
1.64 -7.45 3.27 0.0 0.0 0.0 0.19 0.18 0.33 0.02 0.0 0.0 1.0
1.87 -7.6 3.26 0.0 0.0 0.0 0.04 0.07 0.41 0.84 0.76 0.68 1.0
1.4 -7.61 3.26 0.0 0.0 0.0 0.04 0.07 0.41 0.84 0.76 0.68 1.0
1.62 -7.58 2.89 -0.0 1.57 0.0 0.04 0.07 0.41 0.84 0.76 0.68 1.0
1.62 -7.65 3.64 -0.0 1.57 0.0 0.04 0.07 0.41 0.84 0.76 0.68 1.0
1.61 -7.57 3.26 0.0 0.0 0.0 0.01 0.07 0.41 0.84 0.76 0.68 1.0
1.61 -7.57 3.43 -0.0 1.57 0.0 0.01 0.07 0.21 0.84 0.76 0.68 1.0
1.61 -7.57 3.23 -0.0 1.57 0.0 0.01 0.07 0.21 0.84 0.76 0.68 1.0
1.61 -7.57 3.05 -0.0 1.57 0.0 0.01 0.07 0.21 0.84 0.76 0.68 1.0
1.62 -7.65 3.73 -0.0 1.57 0.0 0.02 0.03 0.28 0.84 0.76 0.68 1.0
-0.29 -7.47 3.45 0.0 0.0 0.0 0.17 0.15 0.28 0.02 0.0 0.0 1.0
0.16 -7.47 3.45 0.0 0.0 0.0 0.17 0.15 0.28 0.02 0.0 0.0 1.0
0.61 -7.47 3.45 0.0 0.0 0.0 0.17 0.15 0.28 0.02 0.0 0.0 1.0
0.08 -7.61 2.81 0.0 0.0 0.0 0.79 0.34 -0.03 0.28 0.1 0.08 1.0
0.15 -7.61 3.13 0.0 0.0 0.0 0.74 0.21 -0.01 0.28 0.1 0.08 1.0
-0.06 -7.61 2.89 -0.0 1.57 0.0 0.22 0.03 -0.03 0.28 0.1 0.08 1.0
0.22 -7.61 2.89 -0.0 1.57 0.0 0.22 0.03 -0.03 0.28 0.1 0.08 1.0
-0.3 -7.61 2.89 -0.0 1.57 0.0 0.22 0.03 -0.03 0.28 0.1 0.08 1.0
0.5 -7.61 2.89 -0.0 1.57 0.0 0.22 0.03 -0.03 0.28 0.1 0.08 1.0
-0.48 -7.62 3.47 0.0 0.0 0.0 0.03 0.02 0.31 0.84 0.76 0.68 1.0
-0.11 -7.62 3.47 0.0 0.0 0.0 0.03 0.02 0.31 0.84 0.76 0.68 1.0
-0.0 -7.62 3.47 0.0 0.0 0.0 0.03 0.02 0.31 0.84 0.76 0.68 1.0
0.33 -7.62 3.47 0.0 0.0 0.0 0.03 0.02 0.31 0.84 0.76 0.68 1.0
0.43 -7.62 3.47 0.0 0.0 0.0 0.03 0.02 0.31 0.84 0.76 0.68 1.0
0.79 -7.62 3.47 0.0 0.0 0.0 0.03 0.02 0.31 0.84 0.76 0.68 1.0
0.61 -7.63 3.47 -0.0 1.57 0.0 0.03 0.02 0.2 0.84 0.76 0.68 1.0
0.16 -7.64 3.47 -0.0 1.57 0.0 0.03 0.02 0.2 0.84 0.76 0.68 1.0
-0.29 -7.63 3.47 -0.0 1.57 0.0 0.03 0.02 0.2 0.84 0.76 0.68 1.0
-0.29 -7.62 3.47 0.0 0.0 0.0 0.03 0.02 0.31 0.84 0.76 0.68 1.0
0.16 -7.62 3.47 0.0 0.0 0.0 0.03 0.02 0.31 0.84 0.76 0.68 1.0
0.61 -7.62 3.47 0.0 0.0 0.0 0.03 0.02 0.31 0.84 0.76 0.68 1.0
1.6 -23.54 1.0 0.0 0.0 0.0 0.16 0.34 -0.0 0.51 0.33 0.23 1.0
2.01 -23.85 1.0 0.0 0.0 0.0 0.16 0.34 -0.0 0.51 0.33 0.23 1.0
1.6 -24.29 1.0 0.0 0.0 0.0 0.16 0.34 -0.0 0.51 0.33 0.23 1.0
2.01 -24.59 1.0 0.0 0.0 0.0 0.16 0.34 -0.0 0.51 0.33 0.23 1.0
1.6 -25.08 1.0 0.0 0.0 0.0 0.16 0.34 -0.0 0.51 0.33 0.23 1.0
1.6 -25.82 1.0 0.0 0.0 0.0 0.16 0.34 -0.0 0.51 0.33 0.23 1.0
2.01 -26.12 1.0 0.0 0.0 0.0 0.16 0.34 -0.0 0.51 0.33 0.23 1.0
1.6 -26.61 1.0 0.0 0.0 0.0 0.16 0.34 -0.0 0.51 0.33 0.23 1.0
2.01 -25.38 1.0 0.0 0.0 0.0 0.16 0.34 -0.0 0.51 0.33 0.23 1.0
2.01 -26.91 1.0 0.0 0.0 0.0 0.16 0.34 -0.0 0.51 0.33 0.23 1.0
2.01 -23.27 1.0 0.0 0.0 0.0 0.16 0.19 -0.0 0.51 0.33 0.23 1.0
1.6 -27.36 1.0 0.0 0.0 0.0 0.16 0.34 -0.0 0.51 0.33 0.23 1.0
2.01 -27.66 1.0 0.0 0.0 0.0 0.16 0.34 -0.0 0.51 0.33 0.23 1.0
1.6 -28.15 1.0 0.0 0.0 0.0 0.16 0.34 -0.0 0.51 0.33 0.23 1.0
2.01 -28.45 1.0 0.0 0.0 0.0 0.16 0.34 -0.0 0.51 0.33 0.23 1.0
1.6 -28.92 1.0 0.0 0.0 0.0 0.16 0.34 -0.0 0.51 0.33 0.23 1.0
2.01 -29.22 1.0 0.0 0.0 0.0 0.16 0.34 -0.0 0.51 0.33 0.23 1.0
1.6 -29.71 1.0 0.0 0.0 0.0 0.16 0.34 -0.0 0.51 0.33 0.23 1.0
2.01 -30.01 1.0 0.0 0.0 0.0 0.16 0.34 -0.0 0.51 0.33 0.23 1.0
1.6 -30.47 1.0 0.0 0.0 0.0 0.16 0.34 -0.0 0.51 0.33 0.23 1.0
2.01 -30.78 1.0 0.0 0.0 0.0 0.16 0.34 -0.0 0.51 0.33 0.23 1.0
1.6 -31.26 1.0 0.0 0.0 0.0 0.16 0.34 -0.0 0.51 0.33 0.23 1.0
-0.77 -8.41 1.18 -0.42 -0.0 -0.48 0.13 0.02 0.19 0.02 0.0 0.0 1.0
-0.76 -8.39 1.17 -0.42 -0.0 -0.48 0.17 0.02 0.24 0.67 0.28 0.14 1.0
-0.96 -8.42 0.85 -0.42 -0.0 -0.48 -0.02 0.02 0.24 0.67 0.28 0.14 1.0
-0.69 -8.57 0.85 -0.42 -0.0 -0.48 -0.02 0.02 0.24 0.67 0.28 0.14 1.0
-0.72 -8.35 1.0 0.05 -0.0 -0.48 -0.02 0.02 0.24 0.67 0.28 0.14 1.0
0.21 -8.39 1.03 1.57 -0.0 0.0 0.51 0.02 0.19 0.67 0.28 0.14 1.0
-0.23 -8.52 0.92 1.57 -0.0 0.0 0.02 0.11 -0.02 0.67 0.28 0.14 1.0
-0.23 -8.25 0.92 1.57 -0.0 0.0 0.02 0.11 -0.02 0.67 0.28 0.14 1.0
0.66 -8.52 0.92 1.57 -0.0 0.0 0.02 0.11 -0.02 0.67 0.28 0.14 1.0
0.66 -8.25 0.92 1.57 -0.0 0.0 0.02 0.11 -0.02 0.67 0.28 0.14 1.0
3.54 -6.5 1.03 1.57 -0.0 0.0 0.51 0.02 0.19 0.67 0.28 0.14 1.0
3.09 -6.63 0.92 1.57 -0.0 0.0 0.02 0.11 -0.02 0.67 0.28 0.14 1.0
3.09 -6.36 0.92 1.57 -0.0 0.0 0.02 0.11 -0.02 0.67 0.28 0.14 1.0
3.99 -6.63 0.92 1.57 -0.0 0.0 0.02 0.11 -0.02 0.67 0.28 0.14 1.0
3.99 -6.36 0.92 1.57 -0.0 0.0 0.02 0.11 -0.02 0.67 0.28 0.14 1.0
3.54 -6.99 1.03 1.57 -0.0 0.0 0.51 0.02 0.19 0.67 0.28 0.14 1.0
3.09 -7.12 0.92 1.57 -0.0 0.0 0.02 0.11 -0.02 0.67 0.28 0.14 1.0
3.09 -6.85 0.92 1.57 -0.0 0.0 0.02 0.11 -0.02 0.67 0.28 0.14 1.0
3.99 -7.12 0.92 1.57 -0.0 0.0 0.02 0.11 -0.02 0.67 0.28 0.14 1.0
3.99 -6.85 0.92 1.57 -0.0 0.0 0.02 0.11 -0.02 0.67 0.28 0.14 1.0
-0.53 -7.8 2.89 0.0 0.0 0.0 0.07 0.07 0.07 0.64 0.25 0.13 1.0
-0.37 -7.8 2.89 0.0 0.0 0.0 0.07 0.07 0.07 0.37 0.06 0.02 1.0
-0.2 -7.8 2.89 0.0 0.0 0.0 0.07 0.07 0.07 0.37 0.06 0.02 1.0
0.0 -7.8 2.89 0.0 0.0 0.0 0.07 0.07 0.07 0.64 0.25 0.13 1.0
0.27 -7.8 2.89 0.0 0.0 0.0 0.07 0.07 0.07 0.37 0.06 0.02 1.0
0.7 -7.8 2.89 0.0 0.0 0.0 0.07 0.07 0.07 0.64 0.25 0.13 1.0
0.45 -7.8 2.89 0.0 0.0 0.0 0.07 0.07 0.07 0.19 0.05 0.04 1.0
-0.73 -7.89 1.43 0.0 0.0 0.0 0.03 0.08 0.14 0.64 0.25 0.13 1.0
-0.64 -7.89 1.43 0.0 0.0 0.0 0.03 0.08 0.14 0.19 0.05 0.04 1.0
-0.55 -7.89 1.43 0.0 0.0 0.0 0.03 0.08 0.14 0.64 0.25 0.13 1.0
-0.48 -7.89 1.43 0.0 0.0 0.0 0.03 0.08 0.14 0.37 0.06 0.02 1.0
-0.31 -7.89 1.43 0.0 0.0 0.0 0.03 0.08 0.14 0.64 0.25 0.13 1.0
-0.22 -7.89 1.43 0.0 0.0 0.0 0.03 0.08 0.14 0.19 0.05 0.04 1.0
-0.13 -7.89 1.43 0.0 0.0 0.0 0.03 0.08 0.14 0.37 0.06 0.02 1.0
-0.05 -7.89 1.43 0.0 0.0 0.0 0.03 0.08 0.14 0.64 0.25 0.13 1.0
0.1 -7.89 1.43 0.0 0.0 0.0 0.03 0.08 0.14 0.64 0.25 0.13 1.0
0.19 -7.89 1.43 0.0 0.0 0.0 0.03 0.08 0.14 0.19 0.05 0.04 1.0
0.8 -7.89 1.43 0.0 0.0 0.0 0.03 0.08 0.14 0.64 0.25 0.13 1.0
0.89 -7.89 1.43 0.0 0.0 0.0 0.03 0.08 0.14 0.19 0.05 0.04 1.0
0.62 -7.89 1.43 0.0 0.0 0.0 0.03 0.08 0.14 0.37 0.06 0.02 1.0
0.7 -7.89 1.43 0.0 0.0 0.0 0.03 0.08 0.14 0.37 0.06 0.02 1.0
3.79 -6.03 0.97 1.57 -0.0 1.92 0.07 0.01 0.08 0.67 0.28 0.14 1.0
3.83 -5.94 0.97 -0.35 1.57 0.0 0.19 0.01 -0.01 0.67 0.28 0.14 1.0
3.79 -5.95 0.97 -0.35 1.57 0.0 0.19 0.01 -0.01 0.67 0.28 0.14 1.0
3.75 -5.97 0.97 -0.35 1.57 0.0 0.19 0.01 -0.01 0.67 0.28 0.14 1.0
3.7 -5.99 0.97 -0.35 1.57 0.0 0.19 0.01 -0.01 0.67 0.28 0.14 1.0
3.76 -5.97 1.13 3.14 -0.0 3.49 0.12 0.01 -0.01 0.67 0.28 0.14 1.0
3.87 -6.04 0.92 -0.35 1.57 0.0 0.06 0.01 -0.01 0.67 0.28 0.14 1.0
3.75 -6.09 0.92 -0.35 1.57 0.0 0.06 0.01 -0.01 0.67 0.28 0.14 1.0
4.19 -6.51 0.97 1.57 -0.0 0.17 0.07 0.01 0.08 0.67 0.28 0.14 1.0
4.27 -6.57 0.97 1.4 1.57 0.0 0.19 0.01 -0.01 0.67 0.28 0.14 1.0
4.26 -6.52 0.97 1.4 1.57 0.0 0.19 0.01 -0.01 0.67 0.28 0.14 1.0
4.25 -6.48 0.97 1.4 1.57 0.0 0.19 0.01 -0.01 0.67 0.28 0.14 1.0
4.24 -6.43 0.97 1.4 1.57 0.0 0.19 0.01 -0.01 0.67 0.28 0.14 1.0
4.26 -6.5 1.13 3.14 -0.0 1.75 0.12 0.01 -0.01 0.67 0.28 0.14 1.0
4.15 -6.59 0.92 1.4 1.57 0.0 0.06 0.01 -0.01 0.67 0.28 0.14 1.0
4.13 -6.46 0.92 1.4 1.57 0.0 0.06 0.01 -0.01 0.67 0.28 0.14 1.0
3.32 -7.36 0.97 1.57 -0.0 -1.57 0.07 0.01 0.08 0.67 0.28 0.14 1.0
3.25 -7.43 0.97 3.14 1.57 0.0 0.19 0.01 -0.01 0.67 0.28 0.14 1.0
3.3 -7.43 0.97 3.14 1.57 0.0 0.19 0.01 -0.01 0.67 0.28 0.14 1.0
3.34 -7.43 0.97 3.14 1.57 0.0 0.19 0.01 -0.01 0.67 0.28 0.14 1.0
3.39 -7.43 0.97 3.14 1.57 0.0 0.19 0.01 -0.01 0.67 0.28 0.14 1.0
3.32 -7.43 1.13 3.14 -0.0 -0.0 0.12 0.01 -0.01 0.67 0.28 0.14 1.0
3.25 -7.32 0.92 3.14 1.57 0.0 0.06 0.01 -0.01 0.67 0.28 0.14 1.0
3.38 -7.32 0.92 3.14 1.57 0.0 0.06 0.01 -0.01 0.67 0.28 0.14 1.0
3.89 -7.45 0.97 1.57 -0.0 -2.18 0.07 0.01 0.08 0.67 0.28 0.14 1.0
3.79 -7.47 0.97 3.75 1.57 0.0 0.19 0.01 -0.01 0.67 0.28 0.14 1.0
3.83 -7.49 0.97 3.75 1.57 0.0 0.19 0.01 -0.01 0.67 0.28 0.14 1.0
3.87 -7.52 0.97 3.75 1.57 0.0 0.19 0.01 -0.01 0.67 0.28 0.14 1.0
3.91 -7.55 0.97 3.75 1.57 0.0 0.19 0.01 -0.01 0.67 0.28 0.14 1.0
3.85 -7.51 1.13 3.14 -0.0 -0.61 0.12 0.01 -0.01 0.67 0.28 0.14 1.0
3.86 -7.38 0.92 3.75 1.57 0.0 0.06 0.01 -0.01 0.67 0.28 0.14 1.0
3.96 -7.45 0.92 3.75 1.57 0.0 0.06 0.01 -0.01 0.67 0.28 0.14 1.0
3.22 -6.12 0.97 1.57 -0.0 1.22 0.07 0.01 0.08 0.67 0.28 0.14 1.0
3.31 -6.08 0.97 0.35 1.57 0.0 0.19 0.01 -0.01 0.67 0.28 0.14 1.0
3.27 -6.06 0.97 0.35 1.57 0.0 0.19 0.01 -0.01 0.67 0.28 0.14 1.0
3.22 -6.04 0.97 0.35 1.57 0.0 0.19 0.01 -0.01 0.67 0.28 0.14 1.0
3.18 -6.02 0.97 0.35 1.57 0.0 0.19 0.01 -0.01 0.67 0.28 0.14 1.0
3.24 -6.05 1.13 3.14 -0.0 2.79 0.12 0.01 -0.01 0.67 0.28 0.14 1.0
3.28 -6.18 0.92 0.35 1.57 0.0 0.06 0.01 -0.01 0.67 0.28 0.14 1.0
3.15 -6.14 0.92 0.35 1.57 0.0 0.06 0.01 -0.01 0.67 0.28 0.14 1.0
4.19 -7.0 0.97 1.57 -0.0 -0.17 0.07 0.01 0.08 0.67 0.28 0.14 1.0
4.24 -7.09 0.97 1.75 1.57 0.0 0.19 0.01 -0.01 0.67 0.28 0.14 1.0
4.25 -7.04 0.97 1.75 1.57 0.0 0.19 0.01 -0.01 0.67 0.28 0.14 1.0
4.26 -7.0 0.97 1.75 1.57 0.0 0.19 0.01 -0.01 0.67 0.28 0.14 1.0
4.27 -6.95 0.97 1.75 1.57 0.0 0.19 0.01 -0.01 0.67 0.28 0.14 1.0
4.26 -7.02 1.13 3.14 -0.0 1.4 0.12 0.01 -0.01 0.67 0.28 0.14 1.0
4.13 -7.07 0.92 1.75 1.57 0.0 0.06 0.01 -0.01 0.67 0.28 0.14 1.0
4.15 -6.94 0.92 1.75 1.57 0.0 0.06 0.01 -0.01 0.67 0.28 0.14 1.0
3.53 -4.87 1.43 0.0 0.0 0.0 0.05 0.05 -0.78 0.08 0.03 0.02 1.0
3.08 -4.75 2.25 0.0 0.0 0.0 0.4 0.56 0.56 0.25 0.29 0.26 1.0
3.65 -4.75 2.73 0.0 0.0 0.0 0.35 0.35 0.35 0.25 0.29 0.26 1.0
3.08 -4.28 2.92 0.0 0.0 0.0 0.45 0.45 0.45 0.25 0.29 0.26 1.0
4.04 -4.47 2.34 0.0 0.0 0.0 0.16 0.16 0.16 0.25 0.29 0.26 1.0
0.33 -12.46 1.43 0.0 0.0 0.0 0.05 0.05 -0.78 0.08 0.03 0.02 1.0
-0.11 -12.34 2.25 0.0 0.0 0.0 0.4 0.56 0.56 0.25 0.29 0.26 1.0
0.45 -12.34 2.73 0.0 0.0 0.0 0.35 0.35 0.35 0.25 0.29 0.26 1.0
-0.11 -11.86 2.92 0.0 0.0 0.0 0.45 0.45 0.45 0.25 0.29 0.26 1.0
0.84 -12.06 2.34 0.0 0.0 0.0 0.16 0.16 0.16 0.25 0.29 0.26 1.0
4.8 -4.19 1.03 0.0 -0.0 -0.7 0.04 0.04 -0.68 0.08 0.03 0.02 1.0
4.57 -3.86 1.75 0.0 -0.0 -0.7 0.35 0.49 0.49 0.25 0.29 0.26 1.0
4.61 -4.48 2.16 0.0 -0.0 -0.7 0.31 0.31 0.31 0.25 0.29 0.26 1.0
4.84 -3.55 2.32 0.0 -0.0 -0.7 0.13 0.13 0.13 0.25 0.29 0.26 1.0
5.36 -4.21 1.83 0.0 -0.0 -0.7 0.14 0.14 0.14 0.25 0.29 0.26 1.0
4.57 -4.12 2.35 0.0 -0.0 -0.7 0.35 0.49 0.49 0.25 0.29 0.26 1.0
0.62 -14.46 1.03 0.0 -0.0 -4.79 0.04 0.04 -0.68 0.08 0.03 0.02 1.0
0.48 -14.84 1.75 0.0 -0.0 -4.79 0.28 0.38 0.38 0.25 0.29 0.26 1.0
0.3 -15.07 2.03 0.0 -0.0 -4.79 0.31 0.31 0.31 0.25 0.29 0.26 1.0
0.07 -14.8 2.32 0.0 -0.0 -4.79 0.13 0.13 0.13 0.25 0.29 0.26 1.0
0.3 -13.99 1.83 0.0 -0.0 -4.79 0.14 0.14 0.14 0.25 0.29 0.26 1.0
0.69 -14.69 2.06 0.0 -0.0 -4.79 0.35 0.49 0.24 0.25 0.29 0.26 1.0
0.65 -11.09 1.7 0.0 0.0 0.0 0.03 0.03 0.95 0.42 0.25 0.25 1.0
0.79 -11.09 2.61 0.0 0.0 0.0 0.14 0.03 -0.02 0.28 0.14 0.1 1.0
0.89 -11.09 2.52 0.0 0.0 0.0 0.03 0.03 -0.09 0.91 0.78 0.57 1.0
0.65 -15.63 0.81 0.0 0.0 0.0 0.11 0.11 0.1 0.42 0.25 0.25 1.0
0.65 -13.31 1.7 0.0 0.0 0.0 0.03 0.03 0.95 0.42 0.25 0.25 1.0
0.79 -13.31 2.61 0.0 0.0 0.0 0.14 0.03 -0.02 0.28 0.14 0.1 1.0
0.89 -13.31 2.52 0.0 0.0 0.0 0.03 0.03 -0.09 0.91 0.78 0.57 1.0
0.65 -13.31 0.81 0.0 0.0 0.0 0.11 0.11 0.1 0.23 0.14 0.14 1.0
0.65 -15.65 1.7 0.0 0.0 0.0 0.03 0.03 0.95 0.42 0.25 0.25 1.0
0.79 -15.64 2.61 0.0 0.0 0.0 0.14 0.03 -0.02 0.28 0.14 0.1 1.0
0.89 -15.64 2.52 0.0 0.0 0.0 0.03 0.03 -0.09 0.91 0.78 0.57 1.0
0.65 -11.09 0.81 0.0 0.0 0.0 0.11 0.11 0.1 0.23 0.14 0.14 1.0
