0.0 6.93 1.32 0.0 0.0 0.0 2.72 1.49 1.48 0.84 0.76 0.68 1.0
0.0 5.43 1.16 0.0 0.0 0.0 2.51 0.15 1.42 0.28 0.1 0.08 1.0
0.0 6.93 4.3 0.0 0.0 0.0 2.72 1.49 1.48 0.84 0.76 0.68 1.0
-0.02 5.79 2.63 0.0 0.0 0.0 2.51 0.66 -0.05 0.28 0.1 0.08 1.0
1.86 7.04 5.23 0.7 -0.0 0.0 0.85 1.38 0.54 0.84 0.76 0.68 1.0
1.56 5.36 2.28 0.0 0.0 0.0 0.82 0.04 0.21 0.02 0.0 0.0 1.0
-1.47 5.42 4.68 -0.0 1.57 0.0 0.04 0.03 0.31 0.84 0.76 0.68 1.0
-0.76 5.42 4.68 -0.0 1.57 0.0 0.04 0.03 0.31 0.84 0.76 0.68 1.0
-0.06 5.42 4.68 -0.0 1.57 0.0 0.04 0.03 0.31 0.84 0.76 0.68 1.0
1.86 6.79 5.11 2.34 -0.0 0.0 0.85 1.38 0.54 0.84 0.76 0.68 1.0
-0.89 5.42 0.73 0.0 0.0 0.0 1.51 0.66 -0.05 0.28 0.1 0.08 1.0
3.38 7.39 4.3 1.57 -0.0 1.57 0.03 0.04 0.43 0.84 0.76 0.68 1.0
1.72 -18.15 0.31 0.0 0.0 0.0 0.76 0.34 -0.0 0.15 0.15 0.07 1.0
0.6 5.23 1.2 -1.57 1.57 0.0 1.44 0.09 -0.05 0.28 0.1 0.08 1.0
1.22 5.27 1.0 0.0 0.0 0.0 0.41 0.05 1.01 0.02 0.0 0.0 1.0
1.22 5.21 0.36 0.0 0.0 0.0 0.41 0.03 0.28 0.28 0.08 0.07 1.0
1.22 5.21 1.92 0.0 0.0 0.0 0.41 0.03 0.06 0.28 0.08 0.07 1.0
0.9 5.23 1.22 -0.0 1.57 0.0 0.74 0.03 0.03 0.28 0.08 0.07 1.0
1.08 5.23 1.22 -0.0 1.57 0.0 0.74 0.03 0.03 0.28 0.08 0.07 1.0
1.3 5.23 1.22 -0.0 1.57 0.0 0.74 0.03 0.03 0.28 0.08 0.07 1.0
1.55 5.23 1.22 -0.0 1.57 0.0 0.74 0.03 0.03 0.28 0.08 0.07 1.0
1.22 5.21 1.21 0.0 0.0 0.0 0.41 0.03 0.06 0.28 0.08 0.07 1.0
1.22 5.17 0.36 0.0 0.0 0.0 0.28 0.02 0.19 0.16 0.03 0.02 1.0
3.8 6.91 4.33 0.0 -0.0 1.57 0.35 0.04 0.44 0.02 0.0 0.0 1.0
3.4 6.49 4.31 0.0 -0.0 3.14 0.35 0.04 0.44 0.02 0.0 0.0 1.0
3.4 7.34 4.31 0.0 -0.0 3.14 0.35 0.04 0.44 0.02 0.0 0.0 1.0
1.6 5.27 2.23 0.0 0.0 0.0 0.82 0.05 0.2 0.02 0.0 0.0 1.0
2.07 5.28 1.0 0.0 0.0 0.0 0.41 0.05 1.01 0.02 0.0 0.0 1.0
2.07 5.22 0.36 0.0 0.0 0.0 0.41 0.03 0.28 0.28 0.08 0.07 1.0
2.07 5.22 1.92 0.0 0.0 0.0 0.41 0.03 0.06 0.28 0.08 0.07 1.0
1.75 5.24 1.22 -0.0 1.57 0.0 0.74 0.03 0.03 0.28 0.08 0.07 1.0
1.93 5.24 1.22 -0.0 1.57 0.0 0.74 0.03 0.03 0.28 0.08 0.07 1.0
2.15 5.24 1.22 -0.0 1.57 0.0 0.74 0.03 0.03 0.28 0.08 0.07 1.0
2.4 5.24 1.22 -0.0 1.57 0.0 0.74 0.03 0.03 0.28 0.08 0.07 1.0
2.07 5.22 1.21 0.0 0.0 0.0 0.41 0.03 0.06 0.28 0.08 0.07 1.0
2.07 5.18 0.36 0.0 0.0 0.0 0.28 0.02 0.19 0.16 0.03 0.02 1.0
-2.14 4.66 2.31 0.24 -0.0 0.0 0.12 0.76 0.02 0.86 0.75 0.64 1.0
-1.86 4.66 2.31 0.24 -0.0 0.0 0.12 0.76 0.02 0.31 0.36 0.27 1.0
-1.57 4.66 2.31 0.24 -0.0 0.0 0.12 0.76 0.02 0.86 0.75 0.64 1.0
-1.31 4.66 2.31 0.24 -0.0 0.0 0.12 0.76 0.02 0.31 0.36 0.27 1.0
-1.04 4.66 2.31 0.24 -0.0 0.0 0.12 0.76 0.02 0.86 0.75 0.64 1.0
-0.76 4.66 2.31 0.24 -0.0 0.0 0.12 0.76 0.02 0.31 0.36 0.27 1.0
-0.48 4.66 2.31 0.24 -0.0 0.0 0.12 0.76 0.02 0.86 0.75 0.64 1.0
-0.21 4.66 2.31 0.24 -0.0 0.0 0.12 0.76 0.02 0.31 0.36 0.27 1.0
0.08 4.66 2.31 0.24 -0.0 0.0 0.12 0.76 0.02 0.86 0.75 0.64 1.0
0.37 4.66 2.31 0.24 -0.0 0.0 0.12 0.76 0.02 0.31 0.36 0.27 1.0
-2.14 3.9 1.96 1.6 -0.0 0.0 0.12 0.18 0.02 0.86 0.75 0.64 1.0
-1.86 3.9 1.96 1.6 -0.0 0.0 0.12 0.18 0.02 0.31 0.36 0.27 1.0
-1.57 3.9 1.96 1.6 -0.0 0.0 0.12 0.18 0.02 0.86 0.75 0.64 1.0
-1.31 3.9 1.96 1.6 -0.0 0.0 0.12 0.18 0.02 0.31 0.36 0.27 1.0
-1.04 3.9 1.96 1.6 -0.0 0.0 0.12 0.18 0.02 0.86 0.75 0.64 1.0
-0.76 3.9 1.96 1.6 -0.0 0.0 0.12 0.18 0.02 0.31 0.36 0.27 1.0
-0.48 3.9 1.96 1.6 -0.0 0.0 0.12 0.18 0.02 0.86 0.75 0.64 1.0
-0.21 3.9 1.96 1.6 -0.0 0.0 0.12 0.18 0.02 0.31 0.36 0.27 1.0
0.08 3.9 1.96 1.6 -0.0 0.0 0.12 0.18 0.02 0.86 0.75 0.64 1.0
0.37 3.9 1.96 1.6 -0.0 0.0 0.12 0.18 0.02 0.31 0.36 0.27 1.0
3.41 6.0 1.0 0.0 0.65 0.0 0.04 0.03 1.74 0.25 0.06 0.07 1.0
3.41 7.99 1.0 0.0 0.65 0.0 0.04 0.03 1.74 0.25 0.06 0.07 1.0
3.56 7.99 -0.07 -0.0 2.22 -0.0 0.03 0.03 0.81 0.25 0.06 0.07 1.0
3.56 5.97 -0.07 -0.0 2.22 -0.0 0.03 0.03 0.81 0.25 0.06 0.07 1.0
3.57 5.66 2.49 0.05 0.0 1.57 0.12 0.97 0.02 0.86 0.75 0.64 1.0
3.57 5.94 2.49 0.05 0.0 1.57 0.12 0.97 0.02 0.31 0.36 0.27 1.0
3.57 6.23 2.49 0.05 0.0 1.57 0.12 0.97 0.02 0.86 0.75 0.64 1.0
3.57 6.49 2.49 0.05 0.0 1.57 0.12 0.97 0.02 0.31 0.36 0.27 1.0
3.57 6.76 2.49 0.05 0.0 1.57 0.12 0.97 0.02 0.86 0.75 0.64 1.0
3.57 7.04 2.49 0.05 0.0 1.57 0.12 0.97 0.02 0.31 0.36 0.27 1.0
3.57 7.32 2.49 0.05 0.0 1.57 0.12 0.97 0.02 0.86 0.75 0.64 1.0
3.57 7.59 2.49 0.05 0.0 1.57 0.12 0.97 0.02 0.31 0.36 0.27 1.0
3.57 7.88 2.49 0.05 0.0 1.57 0.12 0.97 0.02 0.86 0.75 0.64 1.0
3.57 8.17 2.49 0.05 0.0 1.57 0.12 0.97 0.02 0.31 0.36 0.27 1.0
4.61 5.66 2.28 1.41 0.0 1.57 0.12 0.18 0.02 0.86 0.75 0.64 1.0
4.61 5.94 2.28 1.41 0.0 1.57 0.12 0.18 0.02 0.31 0.36 0.27 1.0
4.61 6.23 2.28 1.41 0.0 1.57 0.12 0.18 0.02 0.86 0.75 0.64 1.0
4.61 6.49 2.28 1.41 0.0 1.57 0.12 0.18 0.02 0.31 0.36 0.27 1.0
4.61 6.76 2.28 1.41 0.0 1.57 0.12 0.18 0.02 0.86 0.75 0.64 1.0
4.61 7.04 2.28 1.41 0.0 1.57 0.12 0.18 0.02 0.31 0.36 0.27 1.0
4.61 7.32 2.28 1.41 0.0 1.57 0.12 0.18 0.02 0.86 0.75 0.64 1.0
4.61 7.59 2.28 1.41 0.0 1.57 0.12 0.18 0.02 0.31 0.36 0.27 1.0
4.61 7.88 2.28 1.41 0.0 1.57 0.12 0.18 0.02 0.86 0.75 0.64 1.0
4.61 8.17 2.28 1.41 0.0 1.57 0.12 0.18 0.02 0.31 0.36 0.27 1.0
-0.88 5.9 5.97 0.52 -0.0 0.0 1.85 1.43 0.08 0.57 0.16 0.06 1.0
-2.09 5.82 6.05 0.52 0.0 0.0 0.09 1.42 -0.05 0.35 0.06 0.03 1.0
-2.59 5.82 6.05 0.52 0.0 0.0 0.09 1.42 -0.05 0.35 0.06 0.03 1.0
-1.49 5.82 6.05 0.52 0.0 0.0 0.09 1.42 -0.05 0.35 0.06 0.03 1.0
-0.87 5.82 6.05 0.52 0.0 0.0 0.09 1.42 -0.05 0.35 0.06 0.03 1.0
-0.29 5.82 6.05 0.52 0.0 0.0 0.09 1.42 -0.05 0.35 0.06 0.03 1.0
0.28 5.82 6.05 0.52 0.0 0.0 0.09 1.42 -0.05 0.35 0.06 0.03 1.0
0.84 5.82 6.05 0.52 0.0 0.0 0.09 1.42 -0.05 0.35 0.06 0.03 1.0
-2.09 8.04 6.05 -0.53 -0.0 0.0 0.09 1.42 -0.05 0.35 0.06 0.03 1.0
-2.59 8.04 6.05 -0.53 -0.0 0.0 0.09 1.42 -0.05 0.35 0.06 0.03 1.0
-1.49 8.04 6.05 -0.53 -0.0 0.0 0.09 1.42 -0.05 0.35 0.06 0.03 1.0
-0.87 8.04 6.05 -0.53 -0.0 0.0 0.09 1.42 -0.05 0.35 0.06 0.03 1.0
-0.29 8.04 6.05 -0.53 -0.0 0.0 0.09 1.42 -0.05 0.35 0.06 0.03 1.0
0.28 8.04 6.05 -0.53 -0.0 0.0 0.09 1.42 -0.05 0.35 0.06 0.03 1.0
0.84 8.04 6.05 -0.53 -0.0 0.0 0.09 1.42 -0.05 0.35 0.06 0.03 1.0
-0.88 8.18 5.89 2.62 -0.0 0.0 1.85 1.22 0.07 0.57 0.16 0.06 1.0
1.91 5.9 5.52 1.57 -0.0 0.0 0.11 1.37 0.11 0.57 0.16 0.06 1.0
1.91 5.9 6.86 1.57 -0.0 0.0 0.19 0.06 0.19 0.25 0.07 0.03 1.0
1.91 7.36 5.52 1.57 -0.0 0.0 0.11 1.37 0.11 0.57 0.16 0.06 1.0
1.91 7.36 6.88 1.57 -0.0 0.0 0.19 0.06 0.19 0.25 0.07 0.03 1.0
3.03 5.56 4.45 4.71 -0.0 0.0 0.08 0.27 0.08 0.57 0.16 0.06 1.0
3.03 5.56 4.15 4.71 -0.0 0.0 0.19 0.06 0.19 0.25 0.07 0.03 1.0
2.84 5.56 4.62 4.71 1.57 0.0 0.04 0.17 0.05 0.57 0.16 0.06 1.0
2.72 6.92 5.67 0.0 -0.0 0.0 0.09 1.42 -0.05 0.35 0.06 0.03 1.0
1.86 5.36 5.68 0.0 -0.0 1.57 0.09 0.96 -0.05 0.35 0.06 0.03 1.0
1.06 5.76 6.11 0.79 -0.01 0.0 0.05 0.55 -0.02 0.35 0.06 0.03 1.0
1.46 5.76 6.11 0.79 -0.01 0.0 0.05 0.55 -0.02 0.35 0.06 0.03 1.0
2.26 5.76 6.11 0.79 -0.01 0.0 0.05 0.55 -0.02 0.35 0.06 0.03 1.0
2.65 5.76 6.11 0.79 -0.01 0.0 0.05 0.55 -0.02 0.35 0.06 0.03 1.0
1.06 7.26 6.15 0.7 -0.01 0.0 0.05 0.55 -0.02 0.35 0.06 0.03 1.0
1.46 7.26 6.15 0.7 -0.01 0.0 0.05 0.55 -0.02 0.35 0.06 0.03 1.0
2.26 7.26 6.15 0.7 -0.01 0.0 0.05 0.55 -0.02 0.35 0.06 0.03 1.0
2.65 8.13 6.15 2.27 -0.0 -0.01 0.05 0.55 -0.02 0.35 0.06 0.03 1.0
1.85 6.22 6.53 0.0 -0.0 1.57 0.04 0.87 -0.05 0.35 0.06 0.03 1.0
1.79 7.75 6.56 0.0 -0.0 1.57 0.04 0.94 -0.05 0.35 0.06 0.03 1.0
2.65 6.62 6.11 2.36 0.0 -0.01 0.05 0.55 -0.02 0.35 0.06 0.03 1.0
2.67 7.26 6.15 0.7 -0.01 0.0 0.05 0.55 -0.02 0.35 0.06 0.03 1.0
3.39 6.93 4.3 0.0 0.0 0.0 -0.42 -0.41 0.49 0.84 0.76 0.68 1.0
2.94 6.93 4.3 0.0 0.0 0.0 -0.27 -0.08 0.1 0.84 0.76 0.68 1.0
3.32 6.95 4.82 0.0 0.0 0.0 0.52 0.53 -0.04 0.28 0.1 0.08 1.0
3.32 6.95 4.86 0.0 0.0 0.0 0.29 0.29 -0.02 0.14 0.05 0.04 1.0
3.82 6.91 3.81 1.57 -0.0 0.0 0.03 0.04 0.43 0.84 0.76 0.68 1.0
3.82 6.9 4.3 0.0 0.0 0.0 0.05 0.04 0.52 0.84 0.76 0.68 1.0
3.82 7.35 4.3 0.0 0.0 0.0 0.05 0.04 0.52 0.84 0.76 0.68 1.0
3.42 6.47 4.3 0.0 0.0 0.0 0.05 0.04 0.52 0.84 0.76 0.68 1.0
2.98 6.47 4.3 0.0 0.0 0.0 0.05 0.04 0.52 0.84 0.76 0.68 1.0
3.38 6.44 3.82 1.57 -0.0 1.57 0.03 0.04 0.43 0.84 0.76 0.68 1.0
1.54 5.69 3.85 0.0 0.0 0.0 0.3 0.28 0.51 0.02 0.0 0.0 1.0
1.91 5.45 3.83 0.0 0.0 0.0 0.07 0.11 0.64 0.84 0.76 0.68 1.0
1.17 5.43 3.83 0.0 0.0 0.0 0.07 0.11 0.64 0.84 0.76 0.68 1.0
1.52 5.48 3.25 -0.0 1.57 0.0 0.07 0.11 0.64 0.84 0.76 0.68 1.0
1.52 5.37 4.43 -0.0 1.57 0.0 0.07 0.11 0.64 0.84 0.76 0.68 1.0
1.5 5.49 3.83 0.0 0.0 0.0 0.02 0.11 0.64 0.84 0.76 0.68 1.0
1.5 5.5 4.09 -0.0 1.57 0.0 0.02 0.11 0.33 0.84 0.76 0.68 1.0
1.5 5.5 3.78 -0.0 1.57 0.0 0.02 0.11 0.33 0.84 0.76 0.68 1.0
1.5 5.5 3.51 -0.0 1.57 0.0 0.02 0.11 0.33 0.84 0.76 0.68 1.0
1.52 5.37 4.56 -0.0 1.57 0.0 0.03 0.05 0.43 0.84 0.76 0.68 1.0
-1.47 5.65 4.13 0.0 0.0 0.0 0.26 0.24 0.44 0.02 0.0 0.0 1.0
-0.76 5.65 4.13 0.0 0.0 0.0 0.26 0.24 0.44 0.02 0.0 0.0 1.0
-0.06 5.65 4.13 0.0 0.0 0.0 0.26 0.24 0.44 0.02 0.0 0.0 1.0
-0.89 5.43 3.13 0.0 0.0 0.0 1.23 0.53 -0.04 0.28 0.1 0.08 1.0
-0.78 5.43 3.63 0.0 0.0 0.0 1.16 0.33 -0.02 0.28 0.1 0.08 1.0
-1.11 5.43 3.25 -0.0 1.57 0.0 0.34 0.05 -0.04 0.28 0.1 0.08 1.0
-0.67 5.43 3.25 -0.0 1.57 0.0 0.34 0.05 -0.04 0.28 0.1 0.08 1.0
-1.49 5.43 3.25 -0.0 1.57 0.0 0.34 0.05 -0.04 0.28 0.1 0.08 1.0
-0.24 5.43 3.25 -0.0 1.57 0.0 0.34 0.05 -0.04 0.28 0.1 0.08 1.0
-1.77 5.42 4.16 0.0 0.0 0.0 0.04 0.03 0.48 0.84 0.76 0.68 1.0
-1.18 5.42 4.16 0.0 0.0 0.0 0.04 0.03 0.48 0.84 0.76 0.68 1.0
-1.02 5.42 4.16 0.0 0.0 0.0 0.04 0.03 0.48 0.84 0.76 0.68 1.0
-0.5 5.42 4.16 0.0 0.0 0.0 0.04 0.03 0.48 0.84 0.76 0.68 1.0
-0.35 5.42 4.16 0.0 0.0 0.0 0.04 0.03 0.48 0.84 0.76 0.68 1.0
0.22 5.42 4.16 0.0 0.0 0.0 0.04 0.03 0.48 0.84 0.76 0.68 1.0
-0.06 5.4 4.16 -0.0 1.57 0.0 0.04 0.03 0.31 0.84 0.76 0.68 1.0
-0.76 5.39 4.16 -0.0 1.57 0.0 0.04 0.03 0.31 0.84 0.76 0.68 1.0
-1.47 5.41 4.16 -0.0 1.57 0.0 0.04 0.03 0.31 0.84 0.76 0.68 1.0
-1.47 5.42 4.16 0.0 0.0 0.0 0.04 0.03 0.48 0.84 0.76 0.68 1.0
-0.77 5.42 4.16 0.0 0.0 0.0 0.04 0.03 0.48 0.84 0.76 0.68 1.0
-0.07 5.42 4.16 0.0 0.0 0.0 0.04 0.03 0.48 0.84 0.76 0.68 1.0
0.0 0.0 0.0 0.0 0.0 0.0 12.08 12.08 -0.06 0.64 0.47 0.37 1.0
1.48 -19.44 0.31 0.0 0.0 0.0 0.25 0.53 -0.0 0.51 0.33 0.23 1.0
2.12 -19.92 0.31 0.0 0.0 0.0 0.25 0.53 -0.0 0.51 0.33 0.23 1.0
1.48 -20.61 0.31 0.0 0.0 0.0 0.25 0.53 -0.0 0.51 0.33 0.23 1.0
2.12 -21.08 0.31 0.0 0.0 0.0 0.25 0.53 -0.0 0.51 0.33 0.23 1.0
1.48 -21.84 0.31 0.0 0.0 0.0 0.25 0.53 -0.0 0.51 0.33 0.23 1.0
1.48 -23.0 0.31 0.0 0.0 0.0 0.25 0.53 -0.0 0.51 0.33 0.23 1.0
2.12 -23.47 0.31 0.0 0.0 0.0 0.25 0.53 -0.0 0.51 0.33 0.23 1.0
1.48 -24.23 0.31 0.0 0.0 0.0 0.25 0.53 -0.0 0.51 0.33 0.23 1.0
2.12 -22.31 0.31 0.0 0.0 0.0 0.25 0.53 -0.0 0.51 0.33 0.23 1.0
2.12 -24.7 0.31 0.0 0.0 0.0 0.25 0.53 -0.0 0.51 0.33 0.23 1.0
2.12 -19.01 0.31 0.0 0.0 0.0 0.25 0.29 -0.0 0.51 0.33 0.23 1.0
1.48 -25.4 0.31 0.0 0.0 0.0 0.25 0.53 -0.0 0.51 0.33 0.23 1.0
2.12 -25.88 0.31 0.0 0.0 0.0 0.25 0.53 -0.0 0.51 0.33 0.23 1.0
1.48 -26.63 0.31 0.0 0.0 0.0 0.25 0.53 -0.0 0.51 0.33 0.23 1.0
2.12 -27.11 0.31 0.0 0.0 0.0 0.25 0.53 -0.0 0.51 0.33 0.23 1.0
1.48 -27.84 0.31 0.0 0.0 0.0 0.25 0.53 -0.0 0.51 0.33 0.23 1.0
2.12 -28.31 0.31 0.0 0.0 0.0 0.25 0.53 -0.0 0.51 0.33 0.23 1.0
1.48 -29.07 0.31 0.0 0.0 0.0 0.25 0.53 -0.0 0.51 0.33 0.23 1.0
2.12 -29.54 0.31 0.0 0.0 0.0 0.25 0.53 -0.0 0.51 0.33 0.23 1.0
1.48 -30.26 0.31 0.0 0.0 0.0 0.25 0.53 -0.0 0.51 0.33 0.23 1.0
2.12 -30.74 0.31 0.0 0.0 0.0 0.25 0.53 -0.0 0.51 0.33 0.23 1.0
1.48 -31.5 0.31 0.0 0.0 0.0 0.25 0.53 -0.0 0.51 0.33 0.23 1.0
2.12 -14.14 0.1 0.0 0.0 0.0 0.25 0.53 -0.0 0.51 0.33 0.23 1.0
1.48 -14.87 0.1 0.0 0.0 0.0 0.25 0.53 -0.0 0.51 0.33 0.23 1.0
2.12 -15.35 0.1 0.0 0.0 0.0 0.25 0.53 -0.0 0.51 0.33 0.23 1.0
1.48 -16.1 0.1 0.0 0.0 0.0 0.25 0.53 -0.0 0.51 0.33 0.23 1.0
2.12 -16.58 0.1 0.0 0.0 0.0 0.25 0.53 -0.0 0.51 0.33 0.23 1.0
-2.22 4.19 0.59 -0.42 -0.0 -0.48 0.2 0.03 0.3 0.02 0.0 0.0 1.0
-2.2 4.22 0.57 -0.42 -0.0 -0.48 0.26 0.03 0.37 0.67 0.28 0.14 1.0
-2.51 4.17 0.07 -0.42 -0.0 -0.48 -0.03 0.03 0.37 0.67 0.28 0.14 1.0
-2.1 3.93 0.07 -0.42 -0.0 -0.48 -0.03 0.03 0.37 0.67 0.28 0.14 1.0
-2.14 4.28 0.31 0.05 -0.0 -0.48 -0.03 0.03 0.37 0.67 0.28 0.14 1.0
-0.69 4.22 0.35 1.57 -0.0 0.0 0.8 0.03 0.29 0.67 0.28 0.14 1.0
-1.38 4.02 0.18 1.57 -0.0 0.0 0.03 0.17 -0.03 0.67 0.28 0.14 1.0
-1.38 4.43 0.18 1.57 -0.0 0.0 0.03 0.17 -0.03 0.67 0.28 0.14 1.0
0.02 4.02 0.18 1.57 -0.0 0.0 0.03 0.17 -0.03 0.67 0.28 0.14 1.0
0.02 4.43 0.18 1.57 -0.0 0.0 0.03 0.17 -0.03 0.67 0.28 0.14 1.0
-1.85 5.14 3.25 0.0 0.0 0.0 0.11 0.11 0.11 0.64 0.25 0.13 1.0
-1.6 5.14 3.25 0.0 0.0 0.0 0.11 0.11 0.11 0.37 0.06 0.02 1.0
-1.33 5.14 3.25 0.0 0.0 0.0 0.11 0.11 0.11 0.37 0.06 0.02 1.0
-1.01 5.14 3.25 0.0 0.0 0.0 0.11 0.11 0.11 0.64 0.25 0.13 1.0
-0.6 5.14 3.25 0.0 0.0 0.0 0.11 0.11 0.11 0.37 0.06 0.02 1.0
0.08 5.14 3.25 0.0 0.0 0.0 0.11 0.11 0.11 0.64 0.25 0.13 1.0
-0.31 5.14 3.25 0.0 0.0 0.0 0.11 0.11 0.11 0.19 0.05 0.04 1.0
-2.16 5.0 0.98 0.0 0.0 0.0 0.05 0.13 0.22 0.64 0.25 0.13 1.0
-2.02 5.0 0.98 0.0 0.0 0.0 0.05 0.13 0.22 0.19 0.05 0.04 1.0
-1.88 5.0 0.98 0.0 0.0 0.0 0.05 0.13 0.22 0.64 0.25 0.13 1.0
-1.76 5.0 0.98 0.0 0.0 0.0 0.05 0.13 0.22 0.37 0.06 0.02 1.0
-1.5 5.0 0.98 0.0 0.0 0.0 0.05 0.13 0.22 0.64 0.25 0.13 1.0
-1.36 5.0 0.98 0.0 0.0 0.0 0.05 0.13 0.22 0.19 0.05 0.04 1.0
-1.22 5.0 0.98 0.0 0.0 0.0 0.05 0.13 0.22 0.37 0.06 0.02 1.0
-1.09 5.0 0.98 0.0 0.0 0.0 0.05 0.13 0.22 0.64 0.25 0.13 1.0
-0.86 5.0 0.98 0.0 0.0 0.0 0.05 0.13 0.22 0.64 0.25 0.13 1.0
-0.72 5.0 0.98 0.0 0.0 0.0 0.05 0.13 0.22 0.19 0.05 0.04 1.0
0.23 5.0 0.98 0.0 0.0 0.0 0.05 0.13 0.22 0.64 0.25 0.13 1.0
0.37 5.0 0.98 0.0 0.0 0.0 0.05 0.13 0.22 0.19 0.05 0.04 1.0
-0.05 5.0 0.98 0.0 0.0 0.0 0.05 0.13 0.22 0.37 0.06 0.02 1.0
0.08 5.0 0.98 0.0 0.0 0.0 0.05 0.13 0.22 0.37 0.06 0.02 1.0
4.49 9.71 0.97 0.0 0.0 0.0 0.08 0.08 -1.22 0.08 0.03 0.02 1.0
3.8 9.9 2.26 0.0 0.0 0.0 0.63 0.87 0.87 0.25 0.29 0.26 1.0
4.68 9.9 3.0 0.0 0.0 0.0 0.55 0.55 0.55 0.25 0.29 0.26 1.0
3.8 10.64 3.3 0.0 0.0 0.0 0.71 0.71 0.71 0.25 0.29 0.26 1.0
5.29 10.34 2.4 0.0 0.0 0.0 0.25 0.25 0.25 0.25 0.29 0.26 1.0
-0.5 -2.14 0.97 0.0 0.0 0.0 0.08 0.08 -1.22 0.08 0.03 0.02 1.0
-1.19 -1.95 2.26 0.0 0.0 0.0 0.63 0.87 0.87 0.25 0.29 0.26 1.0
-0.31 -1.95 3.0 0.0 0.0 0.0 0.55 0.55 0.55 0.25 0.29 0.26 1.0
-1.19 -1.21 3.3 0.0 0.0 0.0 0.71 0.71 0.71 0.25 0.29 0.26 1.0
0.3 -1.51 2.4 0.0 0.0 0.0 0.25 0.25 0.25 0.25 0.29 0.26 1.0
6.48 10.77 0.35 0.0 -0.0 -0.7 0.07 0.07 -1.06 0.08 0.03 0.02 1.0
6.12 11.29 1.47 0.0 -0.0 -0.7 0.55 0.76 0.76 0.25 0.29 0.26 1.0
6.19 10.32 2.12 0.0 -0.0 -0.7 0.48 0.48 0.48 0.25 0.29 0.26 1.0
6.54 11.78 2.37 0.0 -0.0 -0.7 0.21 0.21 0.21 0.25 0.29 0.26 1.0
7.36 10.75 1.6 0.0 -0.0 -0.7 0.22 0.22 0.22 0.25 0.29 0.26 1.0
6.12 10.89 2.41 0.0 -0.0 -0.7 0.55 0.76 0.76 0.25 0.29 0.26 1.0
-0.05 -5.26 0.35 0.0 -0.0 -4.79 0.07 0.07 -1.06 0.08 0.03 0.02 1.0
-0.26 -5.85 1.47 0.0 -0.0 -4.79 0.43 0.59 0.59 0.25 0.29 0.26 1.0
-0.55 -6.22 1.91 0.0 -0.0 -4.79 0.48 0.48 0.48 0.25 0.29 0.26 1.0
-0.91 -5.8 2.37 0.0 -0.0 -4.79 0.21 0.21 0.21 0.25 0.29 0.26 1.0
-0.55 -4.53 1.6 0.0 -0.0 -4.79 0.22 0.22 0.22 0.25 0.29 0.26 1.0
0.06 -5.62 1.95 0.0 -0.0 -4.79 0.55 0.76 0.38 0.25 0.29 0.26 1.0
0.0 0.0 1.4 0.0 0.0 0.0 0.05 0.05 1.48 0.42 0.25 0.25 1.0
0.21 0.0 2.82 0.0 0.0 0.0 0.22 0.04 -0.03 0.28 0.14 0.1 1.0
0.37 0.0 2.67 0.0 0.0 0.0 0.04 0.04 -0.14 0.91 0.78 0.57 1.0
0.0 -7.09 0.0 0.0 0.0 0.0 0.17 0.17 0.15 0.42 0.25 0.25 1.0
0.0 -3.47 1.4 0.0 0.0 0.0 0.05 0.05 1.48 0.42 0.25 0.25 1.0
0.21 -3.47 2.82 0.0 0.0 0.0 0.22 0.04 -0.03 0.28 0.14 0.1 1.0
0.37 -3.47 2.67 0.0 0.0 0.0 0.04 0.04 -0.14 0.91 0.78 0.57 1.0
0.0 -3.46 0.0 0.0 0.0 0.0 0.17 0.17 0.15 0.23 0.14 0.14 1.0
0.0 -7.12 1.4 0.0 0.0 0.0 0.05 0.05 1.48 0.42 0.25 0.25 1.0
0.21 -7.11 2.82 0.0 0.0 0.0 0.22 0.04 -0.03 0.28 0.14 0.1 1.0
0.37 -7.11 2.67 0.0 0.0 0.0 0.04 0.04 -0.14 0.91 0.78 0.57 1.0
0.0 0.0 0.0 0.0 0.0 0.0 0.17 0.17 0.15 0.23 0.14 0.14 1.0