1.98 -1.72 1.74 0.0 -0.0 3.14 0.07 0.08 2.25 0.93 0.22 0.15 1.0
0.05 -0.15 0.1 0.0 -0.0 3.14 1.97 1.64 -0.1 0.93 0.22 0.15 1.0
0.04 -1.08 5.03 -0.79 0.0 3.14 2.49 1.22 0.07 0.03 0.05 0.45 1.0
0.04 -0.2 1.96 0.0 -0.0 3.14 0.83 1.93 -0.1 0.93 0.22 0.15 1.0
0.02 -0.11 1.81 0.0 -0.0 3.14 1.93 1.54 2.19 0.5 0.49 0.96 1.0
0.04 -0.11 1.59 0.0 -0.0 3.14 0.78 2.0 2.19 0.46 0.46 0.87 1.0
0.04 -0.11 0.0 0.0 -0.0 3.14 4.24 4.24 0.1 0.18 0.14 0.26 1.0
0.04 -59.45 0.0 0.0 -0.0 3.14 8.0 8.0 0.1 0.3 0.46 1.0 1.0
0.04 -59.45 0.01 0.0 -0.0 3.14 4.5 4.5 0.3 0.41 0.41 0.65 1.0
3.49 -56.65 0.65 0.0 -0.0 3.14 0.06 0.06 0.49 0.01 0.01 0.01 1.0
3.49 -56.65 1.35 0.0 -0.0 3.14 0.28 0.28 0.7 0.65 0.08 0.0 1.0
2.69 -57.93 0.65 0.0 -0.0 3.14 0.06 0.06 0.49 0.01 0.01 0.01 1.0
2.69 -57.93 1.35 0.0 -0.0 3.14 0.28 0.28 0.7 0.65 0.08 0.0 1.0
3.14 -62.74 0.65 0.0 -0.0 3.14 0.06 0.06 0.49 0.01 0.01 0.01 1.0
3.14 -62.74 1.35 0.0 -0.0 3.14 0.28 0.28 0.7 0.65 0.08 0.0 1.0
-2.41 -62.74 0.65 0.0 -0.0 3.14 0.06 0.06 0.49 0.01 0.01 0.01 1.0
-2.41 -62.74 1.35 0.0 -0.0 3.14 0.28 0.28 0.7 0.65 0.08 0.0 1.0
-3.08 -60.24 0.65 0.0 -0.0 3.14 0.06 0.06 0.49 0.01 0.01 0.01 1.0
-3.08 -60.24 1.35 0.0 -0.0 3.14 0.28 0.28 0.7 0.65 0.08 0.0 1.0
-2.34 -57.93 0.65 0.0 -0.0 3.14 0.06 0.06 0.49 0.01 0.01 0.01 1.0
-2.34 -57.93 1.35 0.0 -0.0 3.14 0.28 0.28 0.7 0.65 0.08 0.0 1.0
-0.76 -56.28 0.65 0.0 -0.0 3.14 0.06 0.06 0.49 0.01 0.01 0.01 1.0
-0.76 -56.28 1.35 0.0 -0.0 3.14 0.28 0.28 0.7 0.65 0.08 0.0 1.0
0.04 -30.85 0.0 0.0 -0.0 3.14 8.0 8.0 0.1 0.3 0.46 1.0 1.0
0.04 -30.85 0.01 0.0 -0.0 3.14 4.5 4.5 0.3 0.41 0.41 0.65 1.0
3.49 -28.04 0.65 0.0 -0.0 3.14 0.06 0.06 0.49 0.01 0.01 0.01 1.0
3.49 -28.04 1.35 0.0 -0.0 3.14 0.28 0.28 0.7 0.65 0.08 0.0 1.0
2.69 -29.32 0.65 0.0 -0.0 3.14 0.06 0.06 0.49 0.01 0.01 0.01 1.0
2.69 -29.32 1.35 0.0 -0.0 3.14 0.28 0.28 0.7 0.65 0.08 0.0 1.0
3.14 -34.14 0.65 0.0 -0.0 3.14 0.06 0.06 0.49 0.01 0.01 0.01 1.0
3.14 -34.14 1.35 0.0 -0.0 3.14 0.28 0.28 0.7 0.65 0.08 0.0 1.0
-2.41 -34.14 0.65 0.0 -0.0 3.14 0.06 0.06 0.49 0.01 0.01 0.01 1.0
-2.41 -34.14 1.35 0.0 -0.0 3.14 0.28 0.28 0.7 0.65 0.08 0.0 1.0
-3.08 -31.64 0.65 0.0 -0.0 3.14 0.06 0.06 0.49 0.01 0.01 0.01 1.0
-3.08 -31.64 1.35 0.0 -0.0 3.14 0.28 0.28 0.7 0.65 0.08 0.0 1.0
-2.34 -29.33 0.65 0.0 -0.0 3.14 0.06 0.06 0.49 0.01 0.01 0.01 1.0
-2.34 -29.33 1.35 0.0 -0.0 3.14 0.28 0.28 0.7 0.65 0.08 0.0 1.0
-0.76 -27.68 0.65 0.0 -0.0 3.14 0.06 0.06 0.49 0.01 0.01 0.01 1.0
-0.76 -27.68 1.35 0.0 -0.0 3.14 0.28 0.28 0.7 0.65 0.08 0.0 1.0
-1.87 -1.72 1.74 0.0 -0.0 3.14 0.07 0.08 2.25 0.93 0.22 0.15 1.0
0.04 -1.83 4.2 -0.54 0.0 3.14 0.94 0.63 0.06 0.03 0.05 0.45 1.0
-2.43 -1.15 5.09 -0.79 0.0 3.14 0.02 1.16 0.03 0.13 0.17 0.48 1.0
0.04 -2.14 4.2 0.0 -0.0 3.14 2.49 0.2 0.07 0.23 0.21 0.67 1.0
0.05 -0.02 1.96 0.0 -0.0 3.14 1.97 1.64 -0.1 0.93 0.22 0.15 1.0
0.03 -0.23 5.94 0.0 -0.0 3.14 2.6 0.09 0.03 0.23 0.21 0.67 1.0
2.5 -1.15 5.09 -0.79 0.0 3.14 0.02 1.16 0.03 0.13 0.17 0.48 1.0
-1.96 -1.15 5.09 -0.79 0.0 3.14 0.02 1.16 0.03 0.13 0.17 0.48 1.0
-1.43 -1.15 5.09 -0.79 0.0 3.14 0.02 1.16 0.03 0.13 0.17 0.48 1.0
-0.96 -1.15 5.09 -0.79 0.0 3.14 0.02 1.16 0.03 0.13 0.17 0.48 1.0
-0.43 -1.15 5.09 -0.79 0.0 3.14 0.02 1.16 0.03 0.13 0.17 0.48 1.0
0.03 -1.15 5.09 -0.79 0.0 3.14 0.02 1.16 0.03 0.13 0.17 0.48 1.0
0.57 -1.15 5.09 -0.79 0.0 3.14 0.02 1.16 0.03 0.13 0.17 0.48 1.0
1.03 -1.15 5.09 -0.79 0.0 3.14 0.02 1.16 0.03 0.13 0.17 0.48 1.0
1.53 -1.15 5.09 -0.79 0.0 3.14 0.02 1.16 0.03 0.13 0.17 0.48 1.0
1.99 -1.15 5.09 -0.79 0.0 3.14 0.02 1.16 0.03 0.13 0.17 0.48 1.0
-0.88 -2.15 4.1 -0.52 0.0 3.14 0.02 0.3 0.03 0.13 0.17 0.48 1.0
0.96 -2.15 4.1 -0.52 0.0 3.14 0.02 0.3 0.03 0.13 0.17 0.48 1.0
0.57 -2.15 4.1 -0.52 0.0 3.14 0.02 0.3 0.03 0.13 0.17 0.48 1.0
0.03 -2.15 4.1 -0.52 0.0 3.14 0.02 0.3 0.03 0.13 0.17 0.48 1.0
-0.43 -2.15 4.1 -0.52 0.0 3.14 0.02 0.3 0.03 0.13 0.17 0.48 1.0
-0.31 -2.08 2.91 0.0 -0.0 3.14 0.04 0.05 0.62 0.93 0.22 0.15 1.0
0.33 -2.08 2.91 0.0 -0.0 3.14 0.04 0.05 0.62 0.93 0.22 0.15 1.0
0.0 -2.11 2.89 0.0 -0.0 3.14 0.31 0.01 0.62 0.05 0.04 0.15 1.0
0.01 -2.16 2.29 0.0 -0.0 3.14 0.35 0.13 -0.03 0.93 0.22 0.15 1.0
0.01 -2.12 2.22 0.0 -0.0 3.14 0.35 0.13 -0.03 0.93 0.22 0.15 1.0
0.0 -2.13 2.91 0.0 -0.0 3.14 0.01 0.01 0.61 0.74 0.34 0.12 1.0
0.0 -2.13 2.91 -3.14 -1.57 6.28 0.01 0.01 0.33 0.74 0.34 0.12 1.0
0.01 -2.13 3.55 -0.79 0.0 3.14 0.38 0.1 -0.06 0.93 0.22 0.15 1.0
0.01 -2.12 3.49 0.0 -0.0 3.14 0.35 0.13 -0.03 0.93 0.22 0.15 1.0
0.01 -2.13 3.61 -0.79 0.0 3.14 0.28 0.1 -0.06 0.74 0.34 0.12 1.0