0.0 -0.27 1.32 0.0 0.0 0.0 2.72 1.49 1.48 0.84 0.76 0.68 1.0
0.0 -1.77 1.16 0.0 0.0 0.0 2.51 0.15 1.42 0.28 0.1 0.08 1.0
0.0 -0.27 4.3 0.0 0.0 0.0 2.72 1.49 1.48 0.84 0.76 0.68 1.0
-0.02 -1.41 2.71 0.0 0.0 0.0 2.51 0.66 -0.05 0.28 0.1 0.08 1.0
1.86 -0.16 5.23 0.7 -0.0 0.0 0.85 1.38 0.54 0.84 0.76 0.68 1.0
1.56 -1.84 2.28 0.0 0.0 0.0 0.82 0.04 0.21 0.02 0.0 0.0 1.0
-1.47 -1.78 4.68 -0.0 1.57 0.0 0.04 0.03 0.31 0.84 0.76 0.68 1.0
-0.76 -1.78 4.68 -0.0 1.57 0.0 0.04 0.03 0.31 0.84 0.76 0.68 1.0
-0.06 -1.78 4.68 -0.0 1.57 0.0 0.04 0.03 0.31 0.84 0.76 0.68 1.0
1.86 -0.41 5.11 2.34 -0.0 0.0 0.85 1.38 0.54 0.84 0.76 0.68 1.0
-0.89 -1.78 0.73 0.0 0.0 0.0 1.51 0.66 -0.05 0.28 0.1 0.08 1.0
3.38 0.19 4.3 1.57 -0.0 1.57 0.03 0.04 0.43 0.84 0.76 0.68 1.0
0.6 -1.97 1.2 -1.57 1.57 0.0 1.44 0.09 -0.05 0.28 0.1 0.08 1.0
1.22 -1.93 1.0 0.0 0.0 0.0 0.41 0.05 1.01 0.02 0.0 0.0 1.0
1.22 -1.99 0.36 0.0 0.0 0.0 0.41 0.03 0.28 0.28 0.08 0.07 1.0
1.22 -1.99 1.92 0.0 0.0 0.0 0.41 0.03 0.06 0.28 0.08 0.07 1.0
0.9 -1.97 1.22 -0.0 1.57 0.0 0.74 0.03 0.03 0.28 0.08 0.07 1.0
1.08 -1.97 1.22 -0.0 1.57 0.0 0.74 0.03 0.03 0.28 0.08 0.07 1.0
1.3 -1.97 1.22 -0.0 1.57 0.0 0.74 0.03 0.03 0.28 0.08 0.07 1.0
1.55 -1.97 1.22 -0.0 1.57 0.0 0.74 0.03 0.03 0.28 0.08 0.07 1.0
1.22 -1.99 1.21 0.0 0.0 0.0 0.41 0.03 0.06 0.28 0.08 0.07 1.0
1.22 -2.03 0.36 0.0 0.0 0.0 0.28 0.02 0.19 0.16 0.03 0.02 1.0
3.8 -0.29 4.33 0.0 -0.0 1.57 0.35 0.04 0.44 0.02 0.0 0.0 1.0
3.4 -0.71 4.31 0.0 -0.0 3.14 0.35 0.04 0.44 0.02 0.0 0.0 1.0
3.4 0.14 4.31 0.0 -0.0 3.14 0.35 0.04 0.44 0.02 0.0 0.0 1.0
1.6 -1.93 2.23 0.0 0.0 0.0 0.82 0.05 0.2 0.02 0.0 0.0 1.0
2.07 -1.92 1.0 0.0 0.0 0.0 0.41 0.05 1.01 0.02 0.0 0.0 1.0
2.07 -1.98 0.36 0.0 0.0 0.0 0.41 0.03 0.28 0.28 0.08 0.07 1.0
2.07 -1.98 1.92 0.0 0.0 0.0 0.41 0.03 0.06 0.28 0.08 0.07 1.0
1.75 -1.96 1.22 -0.0 1.57 0.0 0.74 0.03 0.03 0.28 0.08 0.07 1.0
1.93 -1.96 1.22 -0.0 1.57 0.0 0.74 0.03 0.03 0.28 0.08 0.07 1.0
2.15 -1.96 1.22 -0.0 1.57 0.0 0.74 0.03 0.03 0.28 0.08 0.07 1.0
2.4 -1.96 1.22 -0.0 1.57 0.0 0.74 0.03 0.03 0.28 0.08 0.07 1.0
2.07 -1.98 1.21 0.0 0.0 0.0 0.41 0.03 0.06 0.28 0.08 0.07 1.0
2.07 -2.02 0.36 0.0 0.0 0.0 0.28 0.02 0.19 0.16 0.03 0.02 1.0
-2.14 -2.54 2.31 0.24 -0.0 0.0 0.12 0.76 0.02 0.86 0.75 0.64 1.0
-1.86 -2.54 2.31 0.24 -0.0 0.0 0.12 0.76 0.02 0.31 0.36 0.27 1.0
-1.57 -2.54 2.31 0.24 -0.0 0.0 0.12 0.76 0.02 0.86 0.75 0.64 1.0
-1.31 -2.54 2.31 0.24 -0.0 0.0 0.12 0.76 0.02 0.31 0.36 0.27 1.0
-1.04 -2.54 2.31 0.24 -0.0 0.0 0.12 0.76 0.02 0.86 0.75 0.64 1.0
-0.76 -2.54 2.31 0.24 -0.0 0.0 0.12 0.76 0.02 0.31 0.36 0.27 1.0
-0.48 -2.54 2.31 0.24 -0.0 0.0 0.12 0.76 0.02 0.86 0.75 0.64 1.0
-0.21 -2.54 2.31 0.24 -0.0 0.0 0.12 0.76 0.02 0.31 0.36 0.27 1.0
0.08 -2.54 2.31 0.24 -0.0 0.0 0.12 0.76 0.02 0.86 0.75 0.64 1.0
0.37 -2.54 2.31 0.24 -0.0 0.0 0.12 0.76 0.02 0.31 0.36 0.27 1.0
-2.14 -3.3 1.96 1.6 -0.0 0.0 0.12 0.18 0.02 0.86 0.75 0.64 1.0
-1.86 -3.3 1.96 1.6 -0.0 0.0 0.12 0.18 0.02 0.31 0.36 0.27 1.0
-1.57 -3.3 1.96 1.6 -0.0 0.0 0.12 0.18 0.02 0.86 0.75 0.64 1.0
-1.31 -3.3 1.96 1.6 -0.0 0.0 0.12 0.18 0.02 0.31 0.36 0.27 1.0
-1.04 -3.3 1.96 1.6 -0.0 0.0 0.12 0.18 0.02 0.86 0.75 0.64 1.0
-0.76 -3.3 1.96 1.6 -0.0 0.0 0.12 0.18 0.02 0.31 0.36 0.27 1.0
-0.48 -3.3 1.96 1.6 -0.0 0.0 0.12 0.18 0.02 0.86 0.75 0.64 1.0
-0.21 -3.3 1.96 1.6 -0.0 0.0 0.12 0.18 0.02 0.31 0.36 0.27 1.0
0.08 -3.3 1.96 1.6 -0.0 0.0 0.12 0.18 0.02 0.86 0.75 0.64 1.0
0.37 -3.3 1.96 1.6 -0.0 0.0 0.12 0.18 0.02 0.31 0.36 0.27 1.0
3.41 -1.2 1.0 0.0 0.65 0.0 0.04 0.03 1.74 0.25 0.06 0.07 1.0
3.41 0.79 1.0 0.0 0.65 0.0 0.04 0.03 1.74 0.25 0.06 0.07 1.0
3.56 0.79 -0.07 -0.0 2.22 -0.0 0.03 0.03 0.81 0.25 0.06 0.07 1.0
3.56 -1.23 -0.07 -0.0 2.22 -0.0 0.03 0.03 0.81 0.25 0.06 0.07 1.0
3.57 -1.54 2.49 0.05 0.0 1.57 0.12 0.97 0.02 0.86 0.75 0.64 1.0
3.57 -1.26 2.49 0.05 0.0 1.57 0.12 0.97 0.02 0.31 0.36 0.27 1.0
3.57 -0.97 2.49 0.05 0.0 1.57 0.12 0.97 0.02 0.86 0.75 0.64 1.0
3.57 -0.71 2.49 0.05 0.0 1.57 0.12 0.97 0.02 0.31 0.36 0.27 1.0
3.57 -0.44 2.49 0.05 0.0 1.57 0.12 0.97 0.02 0.86 0.75 0.64 1.0
3.57 -0.16 2.49 0.05 0.0 1.57 0.12 0.97 0.02 0.31 0.36 0.27 1.0
3.57 0.12 2.49 0.05 0.0 1.57 0.12 0.97 0.02 0.86 0.75 0.64 1.0
3.57 0.39 2.49 0.05 0.0 1.57 0.12 0.97 0.02 0.31 0.36 0.27 1.0
3.57 0.68 2.49 0.05 0.0 1.57 0.12 0.97 0.02 0.86 0.75 0.64 1.0
3.57 0.97 2.49 0.05 0.0 1.57 0.12 0.97 0.02 0.31 0.36 0.27 1.0
4.61 -1.54 2.28 1.41 0.0 1.57 0.12 0.18 0.02 0.86 0.75 0.64 1.0
4.61 -1.26 2.28 1.41 0.0 1.57 0.12 0.18 0.02 0.31 0.36 0.27 1.0
4.61 -0.97 2.28 1.41 0.0 1.57 0.12 0.18 0.02 0.86 0.75 0.64 1.0
4.61 -0.71 2.28 1.41 0.0 1.57 0.12 0.18 0.02 0.31 0.36 0.27 1.0
4.61 -0.44 2.28 1.41 0.0 1.57 0.12 0.18 0.02 0.86 0.75 0.64 1.0
4.61 -0.16 2.28 1.41 0.0 1.57 0.12 0.18 0.02 0.31 0.36 0.27 1.0
4.61 0.12 2.28 1.41 0.0 1.57 0.12 0.18 0.02 0.86 0.75 0.64 1.0
4.61 0.39 2.28 1.41 0.0 1.57 0.12 0.18 0.02 0.31 0.36 0.27 1.0
4.61 0.68 2.28 1.41 0.0 1.57 0.12 0.18 0.02 0.86 0.75 0.64 1.0
4.61 0.97 2.28 1.41 0.0 1.57 0.12 0.18 0.02 0.31 0.36 0.27 1.0
-0.88 -1.3 5.97 0.52 -0.0 0.0 1.85 1.43 0.08 0.57 0.16 0.06 1.0
-2.09 -1.38 6.05 0.52 0.0 0.0 0.09 1.42 -0.05 0.35 0.06 0.03 1.0
-2.59 -1.38 6.05 0.52 0.0 0.0 0.09 1.42 -0.05 0.35 0.06 0.03 1.0
-1.49 -1.38 6.05 0.52 0.0 0.0 0.09 1.42 -0.05 0.35 0.06 0.03 1.0
-0.87 -1.38 6.05 0.52 0.0 0.0 0.09 1.42 -0.05 0.35 0.06 0.03 1.0
-0.29 -1.38 6.05 0.52 0.0 0.0 0.09 1.42 -0.05 0.35 0.06 0.03 1.0
0.28 -1.38 6.05 0.52 0.0 0.0 0.09 1.42 -0.05 0.35 0.06 0.03 1.0
0.84 -1.38 6.05 0.52 0.0 0.0 0.09 1.42 -0.05 0.35 0.06 0.03 1.0
-2.09 0.84 6.05 -0.53 -0.0 0.0 0.09 1.42 -0.05 0.35 0.06 0.03 1.0
-2.59 0.84 6.05 -0.53 -0.0 0.0 0.09 1.42 -0.05 0.35 0.06 0.03 1.0
-1.49 0.84 6.05 -0.53 -0.0 0.0 0.09 1.42 -0.05 0.35 0.06 0.03 1.0
-0.87 0.84 6.05 -0.53 -0.0 0.0 0.09 1.42 -0.05 0.35 0.06 0.03 1.0
-0.29 0.84 6.05 -0.53 -0.0 0.0 0.09 1.42 -0.05 0.35 0.06 0.03 1.0
0.28 0.84 6.05 -0.53 -0.0 0.0 0.09 1.42 -0.05 0.35 0.06 0.03 1.0
0.84 0.84 6.05 -0.53 -0.0 0.0 0.09 1.42 -0.05 0.35 0.06 0.03 1.0
-0.88 0.98 5.89 2.62 -0.0 0.0 1.85 1.22 0.07 0.57 0.16 0.06 1.0
1.91 -1.3 5.52 1.57 -0.0 0.0 0.11 1.37 0.11 0.57 0.16 0.06 1.0
1.91 -1.3 6.86 1.57 -0.0 0.0 0.19 0.06 0.19 0.25 0.07 0.03 1.0
1.91 0.16 5.52 1.57 -0.0 0.0 0.11 1.37 0.11 0.57 0.16 0.06 1.0
1.91 0.16 6.88 1.57 -0.0 0.0 0.19 0.06 0.19 0.25 0.07 0.03 1.0
3.03 -1.64 4.45 4.71 -0.0 0.0 0.08 0.27 0.08 0.57 0.16 0.06 1.0
3.03 -1.64 4.15 4.71 -0.0 0.0 0.19 0.06 0.19 0.25 0.07 0.03 1.0
2.84 -1.64 4.62 4.71 1.57 0.0 0.04 0.17 0.05 0.57 0.16 0.06 1.0
2.72 -0.28 5.67 0.0 -0.0 0.0 0.09 1.42 -0.05 0.35 0.06 0.03 1.0
1.86 -1.84 5.68 0.0 -0.0 1.57 0.09 0.96 -0.05 0.35 0.06 0.03 1.0
1.06 -1.44 6.11 0.79 -0.01 0.0 0.05 0.55 -0.02 0.35 0.06 0.03 1.0
1.46 -1.44 6.11 0.79 -0.01 0.0 0.05 0.55 -0.02 0.35 0.06 0.03 1.0
2.26 -1.44 6.11 0.79 -0.01 0.0 0.05 0.55 -0.02 0.35 0.06 0.03 1.0
2.65 -1.44 6.11 0.79 -0.01 0.0 0.05 0.55 -0.02 0.35 0.06 0.03 1.0
1.06 0.06 6.15 0.7 -0.01 0.0 0.05 0.55 -0.02 0.35 0.06 0.03 1.0
1.46 0.06 6.15 0.7 -0.01 0.0 0.05 0.55 -0.02 0.35 0.06 0.03 1.0
2.26 0.06 6.15 0.7 -0.01 0.0 0.05 0.55 -0.02 0.35 0.06 0.03 1.0
2.65 0.93 6.15 2.27 -0.0 -0.01 0.05 0.55 -0.02 0.35 0.06 0.03 1.0
1.85 -0.98 6.53 0.0 -0.0 1.57 0.04 0.87 -0.05 0.35 0.06 0.03 1.0
1.79 0.55 6.56 0.0 -0.0 1.57 0.04 0.94 -0.05 0.35 0.06 0.03 1.0
2.65 -0.58 6.11 2.36 0.0 -0.01 0.05 0.55 -0.02 0.35 0.06 0.03 1.0
2.67 0.06 6.15 0.7 -0.01 0.0 0.05 0.55 -0.02 0.35 0.06 0.03 1.0
3.39 -0.27 4.3 0.0 0.0 0.0 -0.42 -0.41 0.49 0.84 0.76 0.68 1.0
2.94 -0.27 4.3 0.0 0.0 0.0 -0.27 -0.08 0.1 0.84 0.76 0.68 1.0
3.32 -0.25 4.82 0.0 0.0 0.0 0.52 0.53 -0.04 0.28 0.1 0.08 1.0
3.32 -0.25 4.86 0.0 0.0 0.0 0.29 0.29 -0.02 0.14 0.05 0.04 1.0
3.82 -0.29 3.81 1.57 -0.0 0.0 0.03 0.04 0.43 0.84 0.76 0.68 1.0
3.82 -0.3 4.3 0.0 0.0 0.0 0.05 0.04 0.52 0.84 0.76 0.68 1.0
3.82 0.15 4.3 0.0 0.0 0.0 0.05 0.04 0.52 0.84 0.76 0.68 1.0
3.42 -0.73 4.3 0.0 0.0 0.0 0.05 0.04 0.52 0.84 0.76 0.68 1.0
2.98 -0.73 4.3 0.0 0.0 0.0 0.05 0.04 0.52 0.84 0.76 0.68 1.0
3.38 -0.76 3.82 1.57 -0.0 1.57 0.03 0.04 0.43 0.84 0.76 0.68 1.0
1.54 -1.51 3.85 0.0 0.0 0.0 0.3 0.28 0.51 0.02 0.0 0.0 1.0
1.91 -1.75 3.83 0.0 0.0 0.0 0.07 0.11 0.64 0.84 0.76 0.68 1.0
1.17 -1.77 3.83 0.0 0.0 0.0 0.07 0.11 0.64 0.84 0.76 0.68 1.0
1.52 -1.72 3.25 -0.0 1.57 0.0 0.07 0.11 0.64 0.84 0.76 0.68 1.0
1.52 -1.83 4.43 -0.0 1.57 0.0 0.07 0.11 0.64 0.84 0.76 0.68 1.0
1.5 -1.71 3.83 0.0 0.0 0.0 0.02 0.11 0.64 0.84 0.76 0.68 1.0
1.5 -1.7 4.09 -0.0 1.57 0.0 0.02 0.11 0.33 0.84 0.76 0.68 1.0
1.5 -1.7 3.78 -0.0 1.57 0.0 0.02 0.11 0.33 0.84 0.76 0.68 1.0
1.5 -1.7 3.51 -0.0 1.57 0.0 0.02 0.11 0.33 0.84 0.76 0.68 1.0
1.52 -1.83 4.56 -0.0 1.57 0.0 0.03 0.05 0.43 0.84 0.76 0.68 1.0
-1.47 -1.55 4.13 0.0 0.0 0.0 0.26 0.24 0.44 0.02 0.0 0.0 1.0
-0.76 -1.55 4.13 0.0 0.0 0.0 0.26 0.24 0.44 0.02 0.0 0.0 1.0
-0.06 -1.55 4.13 0.0 0.0 0.0 0.26 0.24 0.44 0.02 0.0 0.0 1.0
-0.89 -1.77 3.13 0.0 0.0 0.0 1.23 0.53 -0.04 0.28 0.1 0.08 1.0
-0.78 -1.77 3.63 0.0 0.0 0.0 1.16 0.33 -0.02 0.28 0.1 0.08 1.0
-1.11 -1.77 3.25 -0.0 1.57 0.0 0.34 0.05 -0.04 0.28 0.1 0.08 1.0
-0.67 -1.77 3.25 -0.0 1.57 0.0 0.34 0.05 -0.04 0.28 0.1 0.08 1.0
-1.49 -1.77 3.25 -0.0 1.57 0.0 0.34 0.05 -0.04 0.28 0.1 0.08 1.0
-0.24 -1.77 3.25 -0.0 1.57 0.0 0.34 0.05 -0.04 0.28 0.1 0.08 1.0
-1.77 -1.78 4.16 0.0 0.0 0.0 0.04 0.03 0.48 0.84 0.76 0.68 1.0
-1.18 -1.78 4.16 0.0 0.0 0.0 0.04 0.03 0.48 0.84 0.76 0.68 1.0
-1.02 -1.78 4.16 0.0 0.0 0.0 0.04 0.03 0.48 0.84 0.76 0.68 1.0
-0.5 -1.78 4.16 0.0 0.0 0.0 0.04 0.03 0.48 0.84 0.76 0.68 1.0
-0.35 -1.78 4.16 0.0 0.0 0.0 0.04 0.03 0.48 0.84 0.76 0.68 1.0
0.22 -1.78 4.16 0.0 0.0 0.0 0.04 0.03 0.48 0.84 0.76 0.68 1.0
-0.06 -1.8 4.16 -0.0 1.57 0.0 0.04 0.03 0.31 0.84 0.76 0.68 1.0
-0.76 -1.81 4.16 -0.0 1.57 0.0 0.04 0.03 0.31 0.84 0.76 0.68 1.0
-1.47 -1.79 4.16 -0.0 1.57 0.0 0.04 0.03 0.31 0.84 0.76 0.68 1.0
-1.47 -1.78 4.16 0.0 0.0 0.0 0.04 0.03 0.48 0.84 0.76 0.68 1.0
-0.77 -1.78 4.16 0.0 0.0 0.0 0.04 0.03 0.48 0.84 0.76 0.68 1.0
-0.07 -1.78 4.16 0.0 0.0 0.0 0.04 0.03 0.48 0.84 0.76 0.68 1.0
0.46 -0.23 0.0 0.0 0.0 0.0 5.19 5.19 -0.03 0.64 0.47 0.37 1.0
-2.22 -3.01 0.59 -0.42 -0.0 -0.48 0.2 0.03 0.3 0.02 0.0 0.0 1.0
-2.2 -2.98 0.57 -0.42 -0.0 -0.48 0.26 0.03 0.37 0.67 0.28 0.14 1.0
-2.51 -3.03 0.07 -0.42 -0.0 -0.48 -0.03 0.03 0.37 0.67 0.28 0.14 1.0
-2.1 -3.27 0.07 -0.42 -0.0 -0.48 -0.03 0.03 0.37 0.67 0.28 0.14 1.0
-2.14 -2.92 0.31 0.05 -0.0 -0.48 -0.03 0.03 0.37 0.67 0.28 0.14 1.0
-0.69 -2.98 0.35 1.57 -0.0 0.0 0.8 0.03 0.29 0.67 0.28 0.14 1.0
-1.38 -3.18 0.18 1.57 -0.0 0.0 0.03 0.17 -0.03 0.67 0.28 0.14 1.0
-1.38 -2.77 0.18 1.57 -0.0 0.0 0.03 0.17 -0.03 0.67 0.28 0.14 1.0
0.02 -3.18 0.18 1.57 -0.0 0.0 0.03 0.17 -0.03 0.67 0.28 0.14 1.0
0.02 -2.77 0.18 1.57 -0.0 0.0 0.03 0.17 -0.03 0.67 0.28 0.14 1.0
-1.85 -2.06 3.25 0.0 0.0 0.0 0.11 0.11 0.11 0.64 0.25 0.13 1.0
-1.6 -2.06 3.25 0.0 0.0 0.0 0.11 0.11 0.11 0.37 0.06 0.02 1.0
-1.33 -2.06 3.25 0.0 0.0 0.0 0.11 0.11 0.11 0.37 0.06 0.02 1.0
-1.01 -2.06 3.25 0.0 0.0 0.0 0.11 0.11 0.11 0.64 0.25 0.13 1.0
-0.6 -2.06 3.25 0.0 0.0 0.0 0.11 0.11 0.11 0.37 0.06 0.02 1.0
0.08 -2.06 3.25 0.0 0.0 0.0 0.11 0.11 0.11 0.64 0.25 0.13 1.0
-0.31 -2.06 3.25 0.0 0.0 0.0 0.11 0.11 0.11 0.19 0.05 0.04 1.0
-2.16 -2.2 0.98 0.0 0.0 0.0 0.05 0.13 0.22 0.64 0.25 0.13 1.0
-2.02 -2.2 0.98 0.0 0.0 0.0 0.05 0.13 0.22 0.19 0.05 0.04 1.0
-1.88 -2.2 0.98 0.0 0.0 0.0 0.05 0.13 0.22 0.64 0.25 0.13 1.0
-1.76 -2.2 0.98 0.0 0.0 0.0 0.05 0.13 0.22 0.37 0.06 0.02 1.0
-1.5 -2.2 0.98 0.0 0.0 0.0 0.05 0.13 0.22 0.64 0.25 0.13 1.0
-1.36 -2.2 0.98 0.0 0.0 0.0 0.05 0.13 0.22 0.19 0.05 0.04 1.0
-1.22 -2.2 0.98 0.0 0.0 0.0 0.05 0.13 0.22 0.37 0.06 0.02 1.0
-1.09 -2.2 0.98 0.0 0.0 0.0 0.05 0.13 0.22 0.64 0.25 0.13 1.0
-0.86 -2.2 0.98 0.0 0.0 0.0 0.05 0.13 0.22 0.64 0.25 0.13 1.0
-0.72 -2.2 0.98 0.0 0.0 0.0 0.05 0.13 0.22 0.19 0.05 0.04 1.0
0.23 -2.2 0.98 0.0 0.0 0.0 0.05 0.13 0.22 0.64 0.25 0.13 1.0
0.37 -2.2 0.98 0.0 0.0 0.0 0.05 0.13 0.22 0.19 0.05 0.04 1.0
-0.05 -2.2 0.98 0.0 0.0 0.0 0.05 0.13 0.22 0.37 0.06 0.02 1.0
0.08 -2.2 0.98 0.0 0.0 0.0 0.05 0.13 0.22 0.37 0.06 0.02 1.0
4.49 2.51 0.97 0.0 0.0 0.0 0.08 0.08 -1.22 0.08 0.03 0.02 1.0
3.8 2.7 2.26 0.0 0.0 0.0 0.63 0.87 0.87 0.25 0.29 0.26 1.0
4.68 2.7 3.0 0.0 0.0 0.0 0.55 0.55 0.55 0.25 0.29 0.26 1.0
3.8 3.44 3.3 0.0 0.0 0.0 0.71 0.71 0.71 0.25 0.29 0.26 1.0