0.0 0.0 0.0 0.0 0.0 0.0 4.24 4.24 0.1 0.8 0.8 0.8 1.0
-2.49 0.0 0.38 0.0 0.0 0.0 0.63 0.63 0.63 0.8 0.8 0.8 1.0
-0.11 2.08 0.73 0.0 0.0 0.0 1.37 0.53 2.23 0.8 0.8 0.8 1.0
-0.11 1.58 0.73 0.0 0.0 0.0 1.01 0.39 1.64 0.8 0.8 0.8 1.0
-0.59 1.17 0.73 0.0 0.0 0.0 0.09 0.14 0.82 0.8 0.8 0.8 1.0
0.36 1.17 0.73 0.0 0.0 0.0 0.09 0.14 0.82 0.8 0.8 0.8 1.0
-0.11 2.08 -2.2 0.0 0.0 0.0 1.6 0.72 2.61 0.8 0.8 0.8 1.0
2.07 1.93 0.82 0.0 0.0 0.0 0.07 0.07 1.18 0.8 0.8 0.8 1.0
2.36 1.93 0.82 0.0 0.0 0.0 0.07 0.07 1.18 0.8 0.8 0.8 1.0
2.69 1.93 0.82 0.0 0.0 0.0 0.07 0.07 1.18 0.8 0.8 0.8 1.0
3.01 1.93 0.82 0.0 0.0 0.0 0.07 0.07 1.18 0.8 0.8 0.8 1.0
-0.11 2.08 3.08 0.0 0.0 0.0 0.4 0.05 0.19 0.8 0.8 0.8 1.0
-0.11 1.87 2.98 0.0 0.0 0.0 0.27 0.03 0.13 0.8 0.8 0.8 1.0
